-1.280096868518839948e+01 1.003727475662627633e+01 1.374124454789472694e+01 -1.706650536236310245e+01 -1.749191619453177893e+01 1.932389927623373138e+00
8.822495636761788163e+00 -5.568807523117778047e+00 4.492487376062770821e+00 2.348691006399626691e+00 -2.831050545396831097e+01 -1.084388028979393859e+01
-7.033106652556292637e+00 1.432453586794539113e+01 7.242079446631370487e+00 -2.151938964330458504e+00 1.158931563140517440e+01 2.411004079848455817e+01
2.570580323904300712e+01 -4.666959012975996579e+00 8.729381451461371455e+00 7.698290377826797481e+00 -9.211737420530203835e+00 2.023909706349629900e+01
-2.699088510933903340e+00 -1.908565534254871965e+00 2.138378488819789069e+01 1.325811982677312173e+01 2.351204821102320608e+01 2.082346638892236701e+00
-6.142431528325995593e+00 3.040179124575514891e+01 1.846187339343206091e+01 -1.278372092266980431e+01 -1.343297364795853710e+01 8.398088789948436883e+00
1.674539158101145375e+01 -1.352702463578746084e+01 -1.382322712374092788e+01 6.588001452941196767e+00 -1.926117617074415378e+01 -1.254005172737354457e+01
2.788075026067649453e+00 2.274343465605847570e+01 -9.576594430632502153e+00 -4.236461532889737036e+00 -1.614089240359215438e+01 1.779684227350799119e+01
-3.648334240670747075e+00 -9.652555196062998277e+00 2.055312115892863112e+00 -1.567478488696479033e+01 -2.402840287543708797e+01 4.120752969954597944e+00
-9.686573178885849345e+00 -2.133108247714540795e+01 2.267720197363270174e+01 4.613619526794288994e+00 9.270618363575360732e+00 1.613324192143906544e+01
-1.661600229046836930e+01 -1.629577256294518151e+01 -1.560391627644222190e+01 -1.793165041128839832e+01 9.120099636261429055e+00 1.866981087393439864e+01
2.409967998784663479e+01 -1.242737082225706047e+01 1.118218884832319571e+00 -1.592913089364167334e+01 8.680279476917462489e+00 6.299220051097465856e+00
2.643579779205142088e+01 1.492918697746596735e+01 -3.227079639813986933e+00 -9.503775922100235363e+00 -1.702947300114931295e+01 1.718789680086269556e+01
1.382704148989602544e+01 -1.370123341842774067e+00 -1.641130214967709122e+01 -1.822103271308115069e+01 -1.594737620319203408e+01 -3.152577230613312024e-03
7.954372351703727695e+00 -2.823713950430415665e+01 -7.732370138677589821e+00 1.714751343426469177e+01 5.855685641144636300e+00 4.386897432377543815e+00
2.139171227265564923e+01 1.324128769834490349e+01 2.055352728078746694e+01 2.474496967094623301e+01 4.004629758562586517e+00 -4.966966551018627690e-02
8.573674869111913566e+00 1.797025541801231441e+01 1.677834027405242878e+01 1.768980722275040307e+01 -2.213123812320406714e+01 -2.449326537449997954e+00
-7.172592609241503325e+00 -9.010113787217239434e+00 4.407580820583628878e+00 1.690489494250275726e+01 2.011798885610166465e+01 9.570777829359531808e+00
3.289917948804716730e+01 2.720101289781272058e+01 8.380165161910067440e+00 1.904936493697896438e+01 5.056953155806103162e+00 1.429621981722724477e+01
1.001997823180457736e+01 -2.616952973270068483e+00 -1.063656710839487474e+01 -1.727831249570339622e+01 -1.843230659541941563e+01 -8.698847136730185170e+00
5.769680983510075301e+00 -4.849121369245289886e-02 -3.218188066638254963e+00 2.165471685761580289e+01 1.538921447229803974e+01 -3.907501738650462908e+00
-8.124579971520020649e+00 8.392187945806885097e+00 -1.743711931679162674e+01 -1.363437721968328376e+01 -1.080548770503406963e+01 -1.770020547837759040e+01
1.557834216040548903e+01 2.139805052621685277e+01 -8.033898052110723498e+00 1.348467833837532837e+01 5.289107536721123104e+00 1.890089867189366046e+01
5.581649278015541338e-01 2.504002303608792346e+01 1.678182682065616760e+01 6.068654364818523383e+00 2.513508184564336290e+01 -9.905227427258244788e+00
-1.269454422393225990e+01 -9.098253302537957055e+00 -1.858732343187235614e+01 1.166742229403708819e+01 -1.935022010443610796e+01 1.829603983308507864e+01
-2.396362631694233514e+01 6.020055145498792726e+00 -1.402042847720572283e+01 -9.161486472209961818e+00 2.966793634240044941e+00 -2.071077543453901626e+01
2.414642135085736285e+01 -2.192881763240307436e+01 -1.909198889510763308e+01 -4.892231139323817146e+00 5.919969703038794329e+00 7.705582335316598197e+00
-2.851051078358178259e+01 9.369676935790996808e+00 -1.309732294437172584e+01 1.483067008172146650e+01 5.797031297913988190e+00 -8.594166664775151787e+00
1.120427849701004952e+00 2.140621822397010821e+00 -1.314664518286240913e+01 1.171349001417864777e+01 2.709370351594916571e+01 -2.184112275245179813e+00
1.873752988640394523e+00 -1.920317532394922466e+01 1.458516296263145584e+01 1.651608293302603769e+01 5.664941249271986834e+00 1.184327738986343270e+01
-2.315814825877135874e+01 -6.870324812574036821e-01 -1.688161871689418447e+01 1.320093120996817504e+01 1.135898949221269127e+01 1.836952137830437337e+01
-1.416852561831706936e+01 1.948586572495732838e+01 1.498761529781454627e+01 -1.160365994169674453e+00 1.884146923096862736e+01 -1.344455993529425086e+01
1.301712121645445741e+01 1.413031816601117541e+01 -2.533797611925920634e+01 -8.878331483965011373e+00 1.146298328012768941e+01 1.393548393400291552e+01
-2.028837242961016329e+01 -1.062006299990084557e+01 9.012410122672509516e+00 -9.236225462200732039e+00 1.895642490253384338e+01 -1.577160886787296334e+01
-1.626898442963988245e+01 2.543244493215968660e+01 -1.223882439210988515e+01 -1.368119873450692969e+00 1.360647647793934745e+01 -6.213421006211629738e+00
-1.114106329640246607e+01 7.590985107566516454e+00 1.829381828579906255e+01 -1.022017587151531970e+01 -1.839986475641239494e+01 1.498847124463166480e+01
-1.305217950645435332e+00 -9.606175858667342027e+00 1.022595268708442307e+00 1.396955801128587993e+01 -1.320696746125439880e+01 -2.011373499807995913e+01
5.351592364291594350e+00 -5.613343912662449142e+00 1.798532667055451029e+01 -1.704780187879140385e+01 6.540900708391171214e+00 -1.678688974061292072e+01
1.298119914300922417e+01 -9.663811441642879529e+00 1.890402444709461349e+01 -2.382293547465539341e+00 1.467229619957851838e+01 1.984865278907423658e+01
-1.384939628903286213e+01 3.882921951004788763e+00 -4.127907488090643007e+00 -1.721109833932245259e+00 2.229436096691770786e+01 -1.835107653158037166e+01
-4.961437853982706425e-01 -1.436027283671741017e+01 2.312352396236100116e+00 -2.356226334973518277e+01 2.548923172597462816e+00 3.781773853868540591e+00
-5.081855933873137943e+00 -4.629928849187168183e+00 1.168601255894782476e+01 -1.399992495901280876e+01 1.956303654607448550e+01 -1.396953833142411838e+01
4.338422671628228144e+00 -3.637815986308568394e+00 -1.492453219906336415e+01 -1.808860346435507438e+01 1.786845836527162001e+00 1.805700180738603677e+01
2.105594728928872073e+01 1.463389214902266922e+01 1.675633499877749788e+00 -1.658357323601671496e+01 -1.740883841577963764e+01 1.232602298653895723e+01
-1.622164843667660250e+01 -3.691412125682075640e+01 -3.770517009753123716e+01 -1.285794954995790462e+01 2.309206491932731353e+01 6.160723269698894278e+00
3.708794913228032009e+00 9.901889412690056957e+00 -1.438776061831151054e+01 -1.518617939617590906e+01 -2.060860415393437961e+01 6.947550257716702760e+00
3.039076730790366998e+00 -1.121878741488374231e+01 1.330134720650117330e+01 -1.585709043279327446e+01 8.052630351645923668e+00 -1.716535908982437775e+01
2.652691342719759859e+01 9.612962851825104238e+00 2.229421643219058424e+01 -1.525831890138508307e+01 1.301998519817516531e+01 -1.730350258819861509e+01
1.791642083108900962e+01 1.945745435477858720e+01 2.693841854149091120e+01 3.020128583986213311e+00 -8.454552573495170975e+00 -2.729311996542625707e+01
5.707698998394543644e+00 1.720876584037081969e+01 -3.271598831640855565e+01 -1.719485021878902398e+00 1.369152088225783359e+01 -7.810354985165254504e+00
1.830579909733765476e+01 9.146940676797322922e+00 -2.069294487527374993e-01 1.579164304050707734e+01 -2.048250453294653539e+01 9.968873938714853722e+00
-1.128600743510741289e+01 -2.146653817331707259e+01 1.816834782292144013e+01 9.815246405231647486e+00 -6.747418672502367265e+00 1.686567790621232277e+01
5.694625509409401154e-01 2.348993688937993696e+01 -1.810427285892345850e+01 7.606683170656771686e+00 -1.630950956806391616e+01 -9.680024463322972395e+00
1.459167901802298672e+01 1.172853918481188451e+01 1.804461863914270836e+01 -7.730503474900372929e+00 -2.284630582697778323e+01 -1.811432923407030060e+01
-1.033825435136910187e+01 1.454736211809792223e+01 2.406270087073899688e+01 -8.094430858701628040e+00 1.402784706829833894e+01 1.711942347640445306e+01
-2.407899789847140326e+01 -6.851783575964381257e+00 -1.776891716640001206e+01 2.186285972480754225e+01 -2.399625669162624320e+00 -1.065783749597919972e+01
-2.123196008651246558e+01 -3.127258289612222963e+00 -1.566522199512238167e+01 -8.273948734270753391e+00 2.611263755321686375e+01 -9.619994277194948040e+00
-9.288854730863180365e+00 1.658953462713799354e+01 -3.886086376571296963e+00 2.022749158861114438e+01 2.070190420796598207e+00 8.274420539207977043e+00
-1.625496068610957678e+01 4.751712880823985685e+00 -4.543619495355731175e+00 -1.643861888098484059e+01 -1.175326181370119372e+01 1.543236640939595539e+01
-2.164515998573268973e+01 8.572614590362343634e+00 -1.442324335416213721e+01 -1.643159572410258562e+01 1.376943289365203604e+01 -4.835211296855761454e+00
-5.944365157718205950e+00 -2.241787174903312696e+00 -3.605809843037611984e+01 1.410397638608232995e+01 1.844682461082885538e+01 1.708612061123438330e+00
-1.601433929463907901e+01 -1.388313339627886389e+00 -1.955169406990112435e+01 1.082070148976811552e+01 -2.280982188649578646e+01 1.259085838139957936e+01
-2.293480142180412784e+01 -5.609393036388297560e+00 -2.347835793672338411e+01 -1.670145314411327320e+01 2.734333047390016702e+00 1.847812864622487794e+01
2.477314816766941163e+01 2.960218568437622721e+01 9.436191220711288352e+00 -9.549945632222817116e-01 -2.877666341011535778e+01 -8.307159773842808903e+00
-6.434556052391374181e-02 -1.969960889348940469e+01 1.689861982451747124e+01 1.216981625463325445e+00 8.984130625412182880e+00 -2.049555596390710122e+01
1.618673314614462555e+01 -4.843520455551290738e+00 3.293710312782199168e+01 -5.789911019938425163e-01 9.036800444358593865e+00 1.984288707144690633e+01
-6.838459370198491705e+00 1.944692537725352111e+01 1.660075475275123225e+01 1.486852727838607180e+01 -1.889983212295431425e+00 -1.778817757055914583e+01
-2.056740619994023334e+01 -3.061377877940043035e+01 -1.548134640140553664e+01 -5.682095058102607510e+00 1.096431721666287551e+01 2.510886311527194437e+01
-1.699298631152660377e+01 -7.861885919817494184e+00 -1.592677030088571222e+01 1.801096036472046791e+01 2.117504098553896874e+00 1.943207449666816800e+01
-1.372235263939625582e+00 -1.795372934079113847e+01 -2.549982410599924165e+01 5.824408655498751308e+00 -2.586603352437333925e+01 1.060330525274683211e+01
-1.586422126327962623e+01 1.613966132618848093e+01 1.505192525070325260e+01 -1.576863249225892538e+01 -7.896985330726420393e+00 1.046418993551817955e+01
1.597124178527594829e+01 -6.286051101287340792e+00 -2.800196332434565227e-01 -1.002041780835938667e+01 -1.756073489540229815e+01 -1.742652967070901582e+01
-1.599092979431522821e+01 3.099634788436361177e+01 2.678639694885510636e+01 -4.717028099980912437e+00 6.056111417430521726e+00 6.593186803450901579e+00
7.450931614065057218e+00 1.556833206793834190e+00 -8.243570205673098172e+00 1.819982146863537054e+01 1.960957649602391228e+01 -6.500021820805458539e+00
-2.584747249172489703e+01 -1.524323957011406527e+01 6.369953379977377317e+00 1.036163415316789660e+01 -2.368638734226868792e+01 -4.442516511744019070e+00
3.802065294747385593e+01 7.718977071148930280e-01 -1.149435828121117531e+01 -4.053768590181392462e+00 -1.279265743159133351e+01 -6.796544957099352580e+00
2.556990703937594134e+01 1.039039097488659813e+01 1.803621118450857352e+01 2.094826496387726067e+01 6.766721124408147325e+00 1.249379640080163867e+01
-2.104726860497286722e+01 -1.902570311058310182e+01 -2.806453111621059548e+01 3.412812329525042543e+00 2.327643525897531163e+01 -1.909038256419862378e+01
-3.976713353942927132e+00 5.323811253250849695e+00 -2.934645765504585668e+01 1.523428937454995591e+01 6.433596068067098939e-01 1.535196730881263250e+01
-2.710303396931546427e+00 4.079426263561078514e+00 -2.047051034252886126e+01 -1.806701950516465516e+01 1.079417720796042346e+01 1.295273445647135269e+01
-1.169663836921986366e+01 -8.015115405725287800e+00 1.172531893411011339e+01 2.045497023402674586e+01 -1.399709479193348471e+01 7.476251483802229814e-01
-7.475446979255822910e+00 1.883485148276821164e+01 1.412970870554622671e+01 5.011000077159874166e+00 -1.615130837003998465e+01 -1.929585175612528047e+01
2.080296242856582012e+01 2.356734234288582197e+00 -1.816021205892085533e+01 1.951026685136456962e+01 1.444261698399918359e+00 -3.186159935367748108e+00
1.818052714262342207e+01 -8.750347104131005693e+00 1.315092170089973855e+01 2.018863059554006156e+01 1.331293220469008443e+00 -7.066449709018869818e+00
9.135715688695734471e+00 1.784376417250409474e+01 -7.620730369901136392e+00 1.386123884563337150e+01 1.894572235722962006e+01 -1.174232925152641194e+01
1.587360512085019870e+01 -4.435138087718230038e-01 -1.047355994425940651e+01 -2.145290924807083499e+01 -9.689791927718305331e+00 -2.138139047179684338e-01
2.477908459788921380e+00 -3.555728372859825459e+00 -1.320685648829216419e+01 8.331404425437337835e+00 -2.408147611860093917e+01 -1.504803889637664405e+01
-1.557184579858169293e+01 -2.420855763717546338e+01 -5.797277726343669002e+00 -1.858582132927390518e+01 3.546154926625237458e+00 1.700479746802620795e+01
-2.211047225150653439e+00 -1.072774906674352824e+00 -6.712142839735017574e+00 -2.257028537248040934e+01 -2.009508880408424236e+00 1.264489352905823871e+01
1.034854215374497244e+01 -1.709297353386124030e+01 7.876020845985692631e+00 -1.441720548513784905e+01 1.652848530304290264e+01 -8.014852400526320864e+00
-2.471582319548397066e+01 -1.523538432619507432e+01 -1.250581308302080608e+01 -1.637494676103556657e+01 2.322287009675591207e+01 3.701998889640143897e+00
7.749560760521833735e+00 -1.407131792440446283e+01 -1.293947072760366979e+01 4.777082669380179780e+00 2.541733371658229146e+01 -1.120629672284743705e+01
2.110633207784876575e+01 -1.199612895501814513e+01 -1.215888085852747658e+01 -9.542528685192467330e-01 -3.081762500844484887e+00 2.097061365934002453e+01
-8.720153757297332220e+00 1.633612492159188889e+01 1.578558721077869320e+00 -1.235907948409838042e+01 2.106750557578825678e+01 9.193924342590268139e+00
-1.736110525097181068e+01 5.198981048244825764e+00 -1.590877816645170562e+01 1.843777584910632328e+01 -1.572881836282517831e+01 4.697040423563760281e-01
-1.047646486059750082e+01 -6.762801075511543081e-01 4.076549679287395200e+00 2.009489970173102336e+01 -1.685910193445805305e+01 -5.488118937848564194e+00
-1.573722138908613122e+00 -1.624541240100141692e+01 -4.552663087195233160e+00 -7.989572471402496490e+00 -1.965677612291065657e+01 -1.916220193107830383e+01
-1.064410529003552774e+01 -2.840520159335549977e+01 5.538741319002130403e+00 -2.412432295482560551e+00 -2.039881677485406897e+01 1.402449915454239893e+01
1.333965717967740616e+01 1.988052223535877872e+01 2.129404753346774370e+01 3.812827713772131588e+00 9.199127300504397198e+00 2.700069937042819745e+01
-1.198251244394139547e+01 8.243182450160055907e+00 2.185407208201045393e+01 2.621669951913464747e+00 2.578245813657441587e+01 -5.719178771150638774e+00
-9.278791009343947849e+00 -3.028625489975904728e+01 -2.675466716477575169e+00 -1.668000383121529495e+01 6.398267134917809962e+00 -1.427495144679672912e+01
-1.710420277518539578e+01 1.313921983963345674e+01 -2.096947117477888156e+01 -1.164514353975673711e+00 3.510446613715239472e+00 2.031370420274120647e+01
-1.761507133568210293e+01 2.749318498742308492e+01 2.123192727507579036e+01 1.120950779731774638e+01 6.153015332404139226e-01 3.508709854471631751e+00
-2.590382773531612415e+01 -1.638315691228104498e+00 -1.437829783677717188e+01 -8.295064592233922340e+00 1.099236703886157684e+00 2.372713694931291784e+01
-9.054806419387796623e+00 2.561442951443501315e+01 -9.153822549118446616e+00 -1.650639718183872340e+00 -6.650792297191942204e+00 1.767697628921288810e+01
-7.068839658086839783e+00 3.071179775333630602e+01 1.199591685488773862e+01 -8.941673773420047766e+00 -1.921549897377760630e+01 -4.073692397374729102e-01
-4.141999365635251174e+00 -1.375173007660518110e+01 -1.027453782404840865e+01 -2.021516726477985060e+01 1.818361548610919343e+01 -3.101449426372822060e+00
2.674555542681975595e+01 -1.742812119506675472e+01 9.108883123523360936e+00 -7.859646985271677266e+00 1.285946044911201902e+01 3.430709346170103036e+00
-2.111710365111882481e+01 2.265447199878646600e+01 4.977391862961083824e+00 1.157476039178932581e+01 -8.659673269713270116e+00 4.538473585093156792e+00
-8.575048437740559137e+00 1.661080378030916549e+01 -1.285240155405779205e+01 3.129679067293945849e+00 -1.111636324550606503e+01 2.066196743999447705e+01
-1.956358672725354353e+01 1.468158545211496602e+01 -1.524994824953440897e+01 1.217669120858377418e+01 1.007036392944258507e+00 1.465074296303248680e+01
-3.306513693960356548e+00 3.300993379802017103e+01 -1.843402779792590707e+01 1.020970808383739464e-01 -6.521864873426305387e+00 4.875851495323760609e+00
-9.176887638557543525e+00 3.080825228646565250e+01 -7.485133176219682660e+00 1.041161576845645165e+01 -5.746409482760372889e+00 6.943123286312373743e+00
4.212270876859673052e+00 3.187500445972953145e+01 -2.503075579655964233e+01 3.282629581444283517e-01 2.983271601390207195e+00 2.835741988680522851e+00
-2.493347537792489632e+01 1.660093544482161931e+01 -1.184630583039680651e+01 1.233790638372959592e+01 -8.682112374159341783e+00 -4.213988959978261839e+00
3.021258469916151768e+00 3.911098171308853466e+01 7.185641260681339126e+00 1.420425742649848644e+01 -1.070386270976481313e+01 1.892692492991896902e+00
2.018186583992792382e+00 2.197918248184812029e+01 -3.209248084927358491e+01 3.744121814760871914e+00 -7.079965039374108038e+00 7.681283986401477470e+00
-2.785607626237138756e+00 3.334027160132325207e+01 -1.210976807896821050e+01 1.158206563108841358e+01 2.756533869707260758e-15 6.699900978339389702e-16
2.670160864338309992e+01 4.811752002167374798e+01 -2.439157493104234575e+00 2.352370962595305759e+00 -2.002795446519340050e+00 1.381472309593872438e+01
-1.261047854517065936e+01 2.358751616209677238e+01 -2.223930269728988662e+01 9.149046189858967892e+00 -7.706766068913853296e+00 3.230021106504521011e+00
-9.839887993004985844e+00 2.451920751821222311e+01 -1.557247075689605786e+01 5.014414034189635494e+00 -7.701545057273960992e+00 1.435301954336933328e+01
-1.096050051960621730e+01 2.315091673557865803e+01 -1.297015891933452636e+01 8.500780194511689203e+00 -1.197058105655415972e+01 1.163291259144909695e+01
-1.509153532702792511e+01 2.877119544074066226e+01 -1.087200379113082604e+01 8.516192887276464063e+00 -2.400640926480170023e+00 4.638190031696668214e+00
-1.565812445959229038e+01 2.506720890019831316e+01 -1.913235369930697161e+01 5.320453111507976729e+00 -3.142842451321798070e+00 8.638744717904870640e+00
-7.866573655714406144e+00 2.896432814697833535e+01 -1.775240594095022217e+01 9.594626719778368340e+00 -6.731025485678069353e-01 4.651098024214391558e+00
-1.198836727367708077e+00 4.136023049678220076e+01 -6.741833924944838685e+00 2.461545733085638066e+00 -1.939421969250927358e+00 3.255349637681479447e+00
-5.201317249313842872e+00 2.789411492895915856e+01 -1.458110319837454583e+01 4.786261991136553817e+00 -1.635162709518523627e+01 4.808858507070421062e+00
-3.714970527521237020e+00 3.534754919909460114e+01 3.286401308281395650e+00 -6.205942932801936429e+00 -8.111667422075079514e+00 1.405521099191220102e+01
-1.191621599358627748e+01 2.215213783973464245e+01 -2.019230735997995296e+01 6.736421108342569575e+00 -1.250620714280985091e+01 8.459555049779313052e+00
-8.402113824637890360e+00 3.649870451276630945e+01 -8.080926199970633661e+00 1.460294921829323522e+00 -3.279563796027101130e+00 4.505693557714834263e+00
-1.317032992917598300e+01 2.922443245899181719e+01 -2.023543377555305511e+01 5.404292283703535649e-01 -6.422542942357895024e-02 -2.002171635021613716e-01
-8.794307852193021802e+00 4.009796864037642194e+01 1.326433166014306664e-01 -1.760379729526369008e-01 -8.688546481101942776e-02 1.117424096113437681e-01
-1.932167807439841845e-01 3.756952373845670934e+01 -1.415795870992624828e+01 -1.176160183050891206e+00 -3.293949819119095679e+00 4.626962462800331188e+00
-4.311841796330800669e+00 3.159485373583596868e+01 -1.749302775324306936e+01 5.970337424859073927e+00 -4.223693949888431831e+00 7.072148992843009019e+00
1.188904965908015532e+00 3.685447828231907152e+01 -1.489566447514220826e+01 2.788707195953961993e+00 -7.896693264863337447e+00 -0.000000000000000000e+00
-2.526979215172967530e-01 3.394702656196011503e+01 -6.503515182040279896e+00 6.866081768786157724e+00 -8.102955343805168908e+00 1.301319388123582321e+01
-5.959218764660129786e+00 3.046978210575104384e+01 -1.142809011782379436e+01 1.294596963476706275e+00 -6.271871661898797967e+00 1.392745561369481599e+01
-2.023185222309838949e+01 2.122936372583805920e+01 -2.405688216472972840e+01 4.338944025848113561e+00 -4.500262042460293266e+00 6.930745757893496339e+00
-1.026540642616384424e+01 3.096709809263846935e+01 -1.623198111496238027e+01 2.150319612744731934e+00 -5.944707098986663496e+00 5.187544176021202880e+00
-8.784774011671215632e+00 2.873285171798772808e+01 -1.546956450864766275e+01 5.869862759616880865e+00 -6.716874920338560706e+00 9.651897498069651249e+00
-5.848947418082421912e+00 2.859390844415240807e+01 -2.190251676586940022e+01 3.749335769167992716e+00 -9.045667265241581489e+00 -4.212487841130642785e+00
-4.721347231283471224e+00 3.192502917662726247e+01 -1.141531951604969386e+01 -4.343451617432850576e+00 -9.732409464364053520e+00 1.006894195056663932e+01
-2.341862437629356108e+01 2.132065471243433308e+01 -2.552639204701118913e+01 -2.942524548518837729e-16 2.123850638691685895e-15 -5.873007272317985780e-15
5.337652263168068956e+00 3.903689753973179677e+01 -1.021285093557865054e+01 3.999479606551260780e+00 -8.209348091761485833e+00 7.821327193528614607e+00
-1.113555591780459864e+01 3.369063858102077802e+01 -9.008422714441653767e+00 1.212444849380702072e+00 -5.341926546823894562e+00 5.944748986347552666e+00
-8.289578475430132709e-01 3.598625939869830859e+01 -1.543529920555632096e+01 3.965826094137772984e+00 -6.229979574765095229e+00 -0.000000000000000000e+00
-4.624711271384141398e+00 2.652887241581298028e+01 -1.750106295685102964e+01 9.298199071814657657e+00 -6.140756941961338811e+00 1.103914968357434212e+01
-4.771436886737937755e+00 3.380813959894899057e+01 -1.535359333378671742e+01 4.358880127934928517e+00 -5.546665868291499102e+00 4.566659037257240428e+00
-4.567346089043541113e+00 3.305176920771397420e+01 -1.285231813347186502e+01 4.734463077813684251e+00 -4.905269099829538959e+00 9.773733280747149976e+00
-5.491955743931291600e+00 3.473654070939624461e+01 -1.464796677864220520e+01 -1.457414341520156364e+00 -5.321248474261081718e+00 3.749222477469370318e+00
-6.232061313662245361e+00 3.269887274179634318e+01 -1.448524380385303090e+01 2.726598367137799794e+00 -7.091537428826939937e+00 7.126646915354399425e+00
-1.097910316882774318e+01 2.850521530979613871e+01 -2.159119270122277712e+01 3.486684405544607568e+00 -3.169978242456785278e+00 3.782503932894511589e+00
-1.182839554774827606e+00 3.474958908062430396e+01 -1.478342283379397060e+01 5.461365798982602549e+00 -7.341885457985803498e+00 4.435084446820098947e+00
-7.337331524107939096e+00 3.027423342358983049e+01 -1.567889138238595059e+01 2.391592186933230835e+00 -5.479058052910105836e+00 1.057048806693792642e+01
-3.012065139544460202e+00 2.946583812158480242e+01 -1.509125023573912117e+01 8.322415029387938645e+00 -5.739272091545645438e+00 1.108628814578592880e+01
-4.638642053404502974e+00 2.910731045213551482e+01 -2.128345051484348716e+01 -1.997471323948186051e+00 -8.011499067449532774e+00 7.453483549079881421e+00
-5.292580874798518131e+00 2.655795358582686916e+01 -1.469870912374267391e+01 -1.361639403451485597e+00 -3.588216775797275826e+00 1.702670854693508673e+01
-6.152644436634669312e+00 3.218471919491328492e+01 -1.513018900212450824e+01 1.112721168129507276e+00 -8.450236691129598299e+00 7.009736791846736814e+00
-8.223145774425026922e-01 3.275824745433857998e+01 -1.310935635214341666e+01 4.962625631271844640e+00 -9.173309496302422872e+00 1.013042719124027613e+01
-8.116276490046830716e+00 2.784891005446722545e+01 -2.405890710743300431e+01 4.438927910299472757e+00 -5.159180269340913227e+00 2.426062603584931754e+00
-2.235274815993912423e+00 3.362059522670890743e+01 -1.621859354004645937e+01 2.159904785791557202e+00 -4.444418214434787018e+00 8.641750119470042790e+00
-5.833041130411324104e+00 3.291162666731305819e+01 -1.444581769601435539e+01 3.580811159256758192e+00 -4.546800075694604537e+00 8.210684301437089161e+00
-1.209200138078492870e+01 2.855855705881137396e+01 -1.553279644972794138e+01 4.182070014679517556e+00 -9.577980297285634492e+00 5.122652434013232892e+00
-5.564173167681654597e+00 3.270065725030813297e+01 -1.636724152947599720e+01 6.712964049594029037e-01 -6.482718984158767128e+00 6.526007996795578414e+00
6.745291212748773191e+00 2.972168947288652063e+01 2.069071970592905529e+01 8.281946177991355018e-01 2.829967599318013782e+01 5.681757804439632409e+00
-4.144343573402444747e+00 3.425637083339530164e+01 -1.648439715418422935e+01 3.383328578686061405e+00 -5.863621763982686197e+00 -0.000000000000000000e+00
-5.285340432133382116e+00 3.031186496459075386e+01 -1.522401689425284843e+01 5.397504328435234200e+00 -1.005210157583007202e+01 7.864067237977395486e+00
-8.237487596338624485e+00 3.381615122293056430e+01 -1.204025912913541774e+01 -2.719406875566764969e-01 -8.151642446945864151e+00 3.907718537773657630e+00
-7.296943010955672548e+00 2.905292003790094668e+01 -1.751540033799129503e+01 2.742068959231910519e+00 -1.420406582821853503e+00 1.183307620482885092e+01
-5.012047402625338322e+00 3.270558427228229448e+01 -1.432584488339303697e+01 2.371685185426404274e+00 -8.625660845851644609e+00 7.468270586588266369e+00
-6.705795844932825212e+00 3.354407195132456110e+01 -1.673369503981900408e+01 1.961703144681607558e+00 -4.647262504250463166e+00 -0.000000000000000000e+00
-1.017821168338218385e+01 -2.466486423473575229e+01 1.153400363477308765e+01 1.880621552202206725e+00 -2.479809129468083029e+01 3.797263736962239289e+00
-7.210755200245003493e+00 3.095803270495664705e+01 -1.660493772639699017e+01 -2.872196185344665142e+00 -8.199074771065953726e+00 6.446757640860414362e+00
-8.875689417986714957e+00 3.104727599110666958e+01 -1.682387676885582195e+01 3.083639385396800936e+00 -6.366424234861946196e+00 5.228628203684226428e+00
-6.406471123441516369e+00 3.201793354296276561e+01 -1.484940232168747798e+01 3.949711384894035948e+00 -9.049079597509170014e+00 5.351200623191138206e+00
-6.017907392331646399e+00 3.210455157359493228e+01 -1.599435626543815125e+01 3.359412316580609570e+00 -7.673630053151009989e+00 5.937165619400857963e+00
-1.697268846623381844e+00 3.196218881765487296e+01 -1.534354908485078717e+01 2.397809094070477265e+00 -9.066509987261559544e+00 1.005199859155978181e+01
-5.244557807623523082e+00 3.069402081135286764e+01 -1.430990901394039838e+01 6.309657829218732417e+00 -8.750314094755875516e+00 8.473956137265879818e+00
-8.081956458882720185e+00 3.154062341188354068e+01 -1.367413114830723408e+01 -1.386247089339945615e-01 -7.369468574966601793e+00 8.897316961509412536e+00
-1.820437584173268730e+00 3.159616397435846835e+01 -1.588484966377999719e+01 3.371706343102920389e+00 -9.931948797025183850e+00 8.959056289128545458e+00
-4.842421783714720540e+00 2.951486566337923634e+01 -2.020057978768618057e+01 -2.066014877615704126e+00 -7.513516481621362431e+00 8.230058430160598348e+00
-3.419825911863699552e+00 3.212335087980655146e+01 -1.801733941311885445e+01 2.814344870477283322e+00 -5.581214756932907584e+00 7.711524119368629471e+00
-3.546281005615898430e+00 3.268833263156693647e+01 -1.594287735792822325e+01 2.915337526542359115e+00 -7.229615311180394244e+00 7.875377808529727908e+00
-3.173506883003701429e+00 3.323862059081065468e+01 -1.677240187931550608e+01 7.414238478372283669e-01 -6.659769701706360401e+00 7.024795883813092168e+00
-5.629295014501954242e+00 3.037258789074695287e+01 -1.785222007145855727e+01 4.228391182737375686e+00 -8.562837336791709220e+00 6.630651176500964361e+00
-4.924999836756883909e+00 3.384363485391362047e+01 -1.606167938674741436e+01 1.025109864694500716e+00 -5.610963192395464816e+00 5.149712427212385535e+00
-1.506107339862185590e+00 3.295676154946838210e+01 -1.799749505934804006e+01 2.811938631136218891e+00 -8.525924889527644268e+00 4.829238588573774749e+00
-5.549096710149585832e+00 3.157387315809746298e+01 -1.682403322458342743e+01 2.588614173415536790e+00 -7.307744380305601695e+00 7.423977569551721167e+00
-8.918697073139759013e+00 2.864145041713286943e+01 -1.638317251698409294e+01 2.582765154567852495e+00 -1.158526739676648276e+01 6.613498973998290786e+00
-1.020191948275390059e+00 3.109336947209451907e+01 -2.053873806213714559e+01 3.640747436411674975e+00 -8.445275646856716278e+00 5.445373717830252147e+00
-4.178589521759784375e+00 3.334321463281114717e+01 -1.406603342149462854e+01 2.821271782263487626e+00 -9.686956915874686658e+00 5.779087137300964017e+00
-2.842872356322673877e+00 3.173436092884915638e+01 -1.639330903690598973e+01 6.159799819001782417e+00 -6.896178406244596992e+00 7.715211078686782464e+00
-7.271972223773286892e+00 3.118454575465121437e+01 -1.356328086000249655e+01 5.734395281986457427e+00 -7.853947431505192256e+00 7.603564118197483346e+00
-3.873646655318708554e+00 3.325387275640137119e+01 -1.667778738346914480e+01 2.148329046211270299e+00 -6.861787803937200891e+00 5.776821706109991794e+00
-6.076643862008619834e+00 3.042805702952034252e+01 -1.729694051241894570e+01 -1.485988200604802523e-01 -1.008611957128455394e+01 6.832426274037257663e+00
-7.576343621982069010e+00 3.241662567820431917e+01 -1.481940617166864094e+01 2.493079274224197839e+00 -6.042274606143694271e+00 6.696979851653953375e+00
-1.910104046937969313e+00 3.384405793068823698e+01 -1.147986729868699207e+01 4.527715235759902868e+00 -7.392134196909330157e+00 1.056519674984948409e+01
-2.838446732924317484e+00 3.403000161500814613e+01 -1.514427428794499875e+01 -1.539017654925917411e-01 -5.285162642589395610e+00 8.550135060284112853e+00
-2.605721783787754653e+00 3.119389360747234718e+01 -1.902651377781940667e+01 3.020709760422028101e+00 -1.000647513823460422e+01 4.795605935594613456e+00
-3.762888471097831644e+00 3.412005898277794103e+01 -1.112486240311117669e+01 9.577760779660068335e-01 -8.922753320123645082e+00 9.277962185862673294e+00
-7.489835123342821532e+00 3.035964153604259508e+01 -1.778554618339143190e+01 1.250273270329824715e+00 -9.009759639136575515e+00 5.779088408145474531e+00
-7.929572474370956137e+00 3.053553264904856235e+01 -1.772193182943552969e+01 4.413047948996443814e+00 -6.209315252770925220e+00 5.711568295308305565e+00
-4.354184970627511753e+00 3.260881753573965369e+01 -1.671368610126543786e+01 4.146179678306939564e+00 -4.447368713823432351e+00 7.286559091199372951e+00
-5.870657811236907442e+00 3.408950249127825316e+01 -1.052273495416077509e+01 1.801929475302471717e+00 -1.090387059314259943e+01 5.212797064993948126e+00
-4.646766109529791855e+00 3.204600348442897939e+01 -1.703725960947767248e+01 5.427363584163018118e+00 -5.820824394943599600e+00 5.860469895965875864e+00
-3.071257433187758679e+00 3.476477068195688958e+01 -1.382896185999827487e+01 4.789285942558081821e+00 -6.364395687399530210e+00 5.478917151836417254e+00
-1.323990626863005282e+01 2.807027313897187781e+01 -1.853259758289351566e+01 2.533285880868050732e+00 -5.660680451387868573e+00 5.993825923147968915e+00
-5.426420482991503924e+00 3.239701312569514613e+01 -1.698910276362137495e+01 8.359733632197630104e-01 -5.996262074352658011e+00 6.910521403410760044e+00
-4.401595507022574516e+00 3.203440906325615600e+01 -2.013781617737996754e+01 4.520238615044659625e+00 -4.184422021455599605e+00 6.688868465415704900e-01
-1.111231184802135097e+01 -2.172600549921608060e-01 -1.996847353934575864e+01 7.465023856966017668e-01 1.661331670642982372e+00 -2.699138642732066629e+01
1.641998676290634407e+01 1.318896989157986255e+01 1.697734747909075281e+01 2.808740668616638736e+00 -3.966029479346364628e+00 -2.838362210276769204e+01
-4.270277499362305385e+00 3.304683091741114964e+01 -1.625709642514374664e+01 3.065558923818735071e+00 -7.588875470302016701e+00 5.310559073602937552e+00
-7.096044113324502689e+00 2.969520234690365257e+01 -1.647988049056911564e+01 4.500477433822593909e+00 -9.026587203143275673e+00 7.768569879146411949e+00
-6.948758315832304078e+00 -7.024351894080914427e+00 8.328960622865823282e+00 -1.483436559709291025e+01 -1.107993763745445470e+01 1.955826372654227185e+01
-4.049330988379290730e+00 3.516060061388810709e+01 -1.276493155255053225e+01 4.404921533237300402e+00 -5.652445244911286082e+00 5.669763205198915301e+00
-1.140287595429385803e+01 -3.280828026651459339e+00 -1.922627211333909969e+01 -2.282071851637961402e+01 1.026083368696692411e+01 -2.678715731569049741e+00
-2.703451359744507787e+00 3.277700333134944088e+01 -1.521795819571365627e+01 6.905261597789493777e+00 -6.390835459825881415e+00 6.538055417178683548e+00
-1.261946460620597499e+01 -1.036869799360494504e+01 1.717152466470196970e+01 -4.479120940095207004e+00 -6.441385911002802667e-01 2.399552873705350464e+01
1.674507143204359849e+01 -1.290349006403482157e+01 1.699416736612900891e+01 3.759372321612347356e+00 2.317839806528064273e+01 5.574570906955042204e+00
7.833601030111813301e+00 1.089232388999722723e+01 3.340881412195614963e+00 2.345368505027391492e+01 -2.069322758855966171e+00 1.003831585297225892e+01
-7.953510864687766357e+00 3.619475443905405854e+01 -1.012554525205278289e+01 -1.292232885339663628e+00 -4.743491102954322081e+00 -4.833926931606052357e-01
-6.874898373317000377e+00 3.123275329636805253e+01 -1.777026912288179261e+01 2.177071572886231987e+00 -7.533192593461825126e+00 5.372347515874441370e+00
-5.076515828089515736e+00 3.250446525744247595e+01 -1.478252512023147069e+01 5.199583581774904317e+00 -5.404508562760566015e+00 7.849136592591012374e+00
-5.079436752636981467e+00 3.284751256931708951e+01 -1.535561733706205523e+01 2.167201999479719365e+00 -7.171771221163321108e+00 7.131900778931737683e+00
-6.730363462831259191e+00 3.425005240874600787e+01 -1.425825902958829694e+01 1.411425997967008739e+00 -3.621467893403039096e+00 5.441082758971630184e+00
-2.002615731329018711e+00 3.409956666800057690e+01 -1.599652507108481814e+01 -2.085112567339251211e+00 -9.165864309055777426e+00 3.903237853213584962e+00
-9.804887435103573523e+00 -1.178103265664429067e+01 2.348514630508115708e+00 2.223038301492823976e+01 -1.109317501883553625e+01 -6.404850461341660584e+00
-5.887950130844340713e+00 2.945482389953816593e+01 -1.777330861217698299e+01 3.406303173866465084e+00 -1.130518254004907241e+01 6.026150918635136300e+00
-5.516532239839396112e+00 3.337119645419336678e+01 -1.820599723959286820e+01 -4.116594359421840155e-01 -3.236469417284299599e+00 3.117669142593013198e+00
7.137976431814826661e+00 1.080642592913099875e+01 2.997543326546230347e+01 1.389198400585333282e+00 -2.777134092288148182e+01 -9.412612212926743993e+00
9.388738052662137790e+00 -2.005543829942523781e-01 7.835408701634770656e-01 2.319025887088531945e+01 -5.998877094885889605e+00 8.669660363948263893e+00
1.423283422590206904e+01 -2.317460722735639322e+01 8.985620583269120942e+00 -8.395064134588556826e+00 -2.897851661265611334e+00 1.526091695760062272e+01
1.851729014845669852e+01 5.177789961584262102e+01 3.761714899548982061e+01 -4.122852873017228248e+00 -2.433006403067157208e+01 1.887727841099781090e+00
3.479558700924698655e+01 1.714165873458738076e+01 4.694716454333562439e+01 2.346242944030069721e-01 -2.712013130679956063e+01 -2.617470028969285156e+00
-4.484322547355039212e+00 3.350156424614323214e+01 -1.554451910292335803e+01 2.754868225318298780e+00 -7.077617132953282209e+00 5.614151622888488902e+00
6.010259401761276266e+00 -2.092442095557437298e+01 8.739337487182000430e+00 -7.249001097288120476e+00 2.340661408790556308e+01 3.149909763388639927e+00
2.241436696375028248e+01 -4.310956968352922303e+00 -1.872909899581926751e+01 6.857070737050138476e+00 3.933249503863618823e+00 1.900095644426993147e+01
-3.467815863650052677e+00 9.672124793949349097e+00 1.293254235073315606e+01 -7.923414279469602306e+00 2.499271155125514454e+01 -1.336306674330199229e+01
6.160108616326418485e+00 -3.005989596429670385e+01 -8.487062825095049945e+00 1.215956260052050730e+01 9.637611157569629938e+00 -1.257432013415511562e+01
9.296910971268461665e+00 -1.153543627577654718e+01 2.455867480512818890e+00 1.003212980185435832e+01 2.503440682858873600e+01 -7.859373543282856645e+00
-6.197979931460261049e+00 2.864167890012318551e+01 -2.373389755002663293e+01 1.400584619127133168e+00 -5.293098899322086659e+00 5.663312884394447799e+00
-5.444991503601949390e+00 3.345811086194367334e+01 -1.900563266430244980e+01 -0.000000000000000000e+00 -0.000000000000000000e+00 -0.000000000000000000e+00
-3.578677668990842831e-01 -1.900829540904483750e+01 1.529744448949250746e+01 -1.179996492810716058e+00 2.480548801620330934e+01 5.776689220306783668e+00
-6.337024268884206890e+00 3.036758407369617174e+01 -2.001888668683466221e+01 4.721561185370263480e+00 -4.911613944338363957e+00 5.072263962487244093e+00
4.827463629768748987e+00 5.327880035045656548e+00 6.809978546404752642e+00 -1.394143562111166190e+01 2.286356935276132418e+01 1.271154197306521638e+01
-1.330133998059328881e+01 -1.171559122442632450e+01 2.606917617928156972e+01 -8.073830327638445326e+00 -1.806192464126806030e+01 -8.260237155267189380e+00
-9.325521674153774754e+00 5.862753597172951636e+00 9.918893544452851430e+00 2.067128313933467609e+01 7.927720501541692499e+00 1.130426235083779929e+01
-2.093781248671992046e+01 5.530066519929608404e+00 2.792592343039096647e+01 9.065580136192682659e+00 -1.584561234480510450e+01 -9.199750875512087422e-02
-1.977009238741716146e+01 1.615807661760881686e+01 1.616734541003042835e+01 -1.697677466113408085e-01 -1.265199662680728387e+01 -1.591753936188516150e+01
2.194381764402440815e+00 8.840985603283494143e+00 -1.683195629268336546e+01 -8.949418997339886772e+00 -1.580285937042090749e+00 2.376603057709333910e+01
9.664099865428438463e+00 1.693310380871617582e+01 -1.363723457761397917e+01 7.815539601588991303e+00 2.102480980092775198e+01 -1.299464467807166201e+01
1.819485458226670715e+01 -7.237422310788177882e+00 1.677270627490878496e+01 9.283434645358731530e+00 -1.503933765238882536e+01 -1.712057286628702002e+01
1.206738694659672007e+01 2.087377915789848615e+01 -1.772469833206388756e+01 -1.803434245873280384e+00 1.815148354868122027e+01 1.398470058543683869e+01
-1.101434657580436927e+01 1.491042268138894222e+01 2.231494283122573208e+01 -1.577274347993123982e+01 -1.582447896903883588e+01 -3.745784947994758252e+00
1.897322797873509259e+01 5.636493351881904701e+00 -1.946760791449511530e+00 -1.237016184910643979e+01 9.422135539953783834e+00 2.147648055896149444e+01
-2.294079877564766079e+01 3.867074219693568349e+00 3.664937578019426656e+00 -1.382226995212871756e+01 -9.834778511423579728e-01 -1.827317605213289653e+01
-9.161202878829563190e+00 1.640325960459347954e+01 2.357365274361216834e+01 -1.735658220909071758e+01 1.028609227079432564e+01 8.425283097879997740e+00
2.425105914560527598e+00 -5.011876980177353502e+00 3.051400134351133442e+00 2.160402188298173343e+01 -4.210404959812285242e+00 1.373354411135094821e+01
9.348811187191852667e+00 4.715467673401665394e+01 6.462065438938395801e+00 6.034761547628778366e+00 7.609664380479839174e+00 -1.136709102341141353e+01
-2.788784640050204544e+01 6.437236451059037634e+00 2.959880232347041584e+01 -1.219535519940339041e+00 -9.800943473460760558e+00 -2.162723339189777327e+00
1.715428110631351899e+01 1.658986203343316390e+01 3.848832138116735990e+01 -1.896125881909361510e+01 1.150501870658991521e+01 1.126742785415903469e+01
-1.097948445725893762e+01 -6.851921876713166881e+00 3.193923090287166922e+00 2.371946341419653947e+01 -6.169931584666533020e+00 5.220185882238610908e+00
2.704203809281696635e+01 -2.472488989068481580e+00 1.926978724446686897e+01 1.921893790119207779e+01 -5.549943364419777758e+00 -6.278556275594649350e+00
-8.693936322887338974e+00 1.217863215689042633e+01 1.836736256857724925e+01 -1.404691067228375978e+01 1.943115354698655040e+01 -9.016216647357868652e+00
-1.183162391390858659e+01 -1.328299035020712537e+01 1.115832647101244746e+01 -5.174743468585277562e+00 -9.741120294360158249e-01 -2.521994465529257567e+01
-1.231924799848050078e+01 1.128628225209535652e+00 1.685059333021506589e+01 -1.241751058341201741e+01 -3.842533045573388151e+00 -2.093812555385356688e+01
2.551775812457958992e+01 -8.895233629768249273e+00 -6.705746789402292629e-01 -3.782144068619429644e-01 2.317216011474099346e+01 -5.997892124627445476e+00
9.819460475893146967e-01 -9.212241767015349581e+00 -1.061417345871099371e+01 1.552477291586654573e+01 -1.888825385199349061e+00 -2.183783373193518784e+01
2.170888782174200671e+01 1.842617793056405606e+00 2.180055166516137533e+01 9.913912661218596156e+00 -2.607380658581219635e+01 -1.791758103124833523e+00
-3.122437282001383707e+01 -3.784266231016822246e+01 8.265194641620256633e+00 -1.377309503045528594e+01 4.422824976283598275e+00 4.959918351357774036e+00
-2.167884791177106862e+01 -2.117768435396303328e+00 7.372194604174321597e+00 -1.664862498686135339e+01 1.696274090739115437e+01 6.329454172848690163e+00
-7.956286412533132513e+00 -6.966245395915241723e+00 -1.472395044443889800e+00 2.255461379867013960e+01 -8.299607639992913732e+00 1.033145130087856955e+01
2.812219611284370480e+00 3.278565899807509787e+00 -5.955215488873865759e+00 1.272692654879374707e+01 2.539326524946571340e+01 -9.147831335002582165e+00
2.697253719839070474e+00 -1.494675185677675344e+01 -2.626142953458254770e+00 -2.109150471295841811e+01 -2.927293656512053754e+00 1.212130781228008658e+01
-4.659837814239110365e+00 3.408282131228461509e+01 -1.590187622396363309e+01 -4.534428338508524337e-01 -7.322317715244141212e+00 2.963903529581972673e+00
3.219057586871203114e+01 -5.748820856845712868e+00 3.277643669765252454e+00 -1.176850168432098620e+01 -1.493652218218985439e+01 -5.276292362455688334e+00
1.275040904635666905e+01 1.955043038265599264e+01 2.307596533258852745e+01 -2.194924320398407502e+01 -1.076740386455035114e+00 -1.344641761793932133e+01
1.278501064723608671e+01 1.456158734238408359e+00 5.103469230670295786e+00 2.260126529212136504e+01 -5.607011325089905185e+00 -1.025047610730771730e+01
2.597400845452455087e+00 -4.979263356310958066e+00 1.486653703357548872e+00 1.458552513584553445e+01 7.912777770255867260e+00 -2.204944980236754404e+01
-1.220717047345319095e+01 -6.734230000618538270e+00 1.166107126056541254e+01 -8.140504883543286496e+00 6.035919793059800753e-01 2.484034273394752645e+01
1.210448361252811651e+02 1.348495202356048992e+02 8.470640407385677406e+01 5.240837187561430355e+00 -4.454955417097035131e+00 -1.281296343724610942e+01
-1.716896769608809947e+01 -2.500345225159741958e+01 2.582620467060104730e+01 4.525963968428706963e+00 -4.163995003212201063e+00 -1.149928510093868539e+01
4.160487026556821633e+01 3.299821634467245524e+00 2.285613820054572543e+01 -1.115357204675018643e+01 -5.738003179258159392e+00 1.407673716921462592e+01
1.905799937878270356e+01 -3.184040103682408329e+01 -1.148284736796529337e+01 4.614868267964145510e+00 -4.020771152300918416e+00 3.215257880172413429e+00
-8.640467297816559977e+00 -3.568726168040346813e+00 2.789894530673859308e+01 1.716774289141354615e+01 -1.528872636526695583e+00 -1.102315247648198415e+01
1.835560870073252460e+01 -4.658670737250561800e+00 3.816746228099783167e+01 -4.396167174077713291e+00 7.319418543810110478e+00 1.703792866364777581e+01
1.088100725809874625e+01 -7.212358520766447567e-01 -1.315207375082664143e+01 1.770201833143321934e+01 -9.212259885949158900e+00 -1.528141720023187489e+01
-1.877349879140600919e+01 -3.931376162558058951e+01 -1.033019958639970248e+01 1.671857975618774006e+01 1.024258903436635171e+00 -1.491177646098397425e+01
3.822758896295212594e+01 -6.554562295378186576e+00 9.554668921791684255e+00 -1.141612846205464216e+01 7.297152778779691928e+00 -3.768927982506265817e+00
4.373566978189524335e+00 -1.592084970682628864e+01 9.930093199557763484e+00 -1.938198893937642353e+01 -8.064138316956784180e+00 -9.048041618143757958e+00
5.025192265631861233e+01 7.711550819879135155e+00 1.826754890048449198e+01 -5.062415652465876548e+00 1.362936745883981260e+01 -9.551344550427696589e+00
1.174310887335296449e+01 -1.157788245108848457e+01 2.299752338918240469e+01 9.054722572555409243e+00 -7.349241540318377508e-01 -1.963145000675070051e+01
1.900594268256775354e+00 -9.601579686059901420e+00 -1.278147040824214997e+01 -2.118189391150736967e+01 -1.062604376274448015e+01 -1.010071111616767681e+01
1.048857148170351294e+01 -7.952403841617102564e+00 -1.402810388777049333e+01 -1.654805870406170332e+00 2.043035727129959156e+01 1.844525383908179350e+01
1.934943860860050435e+01 -1.132402504486758943e+01 3.176037266107611945e+00 -1.841991051754779818e+01 1.057701242257115837e+01 4.202370483978486781e+00
-7.126858834639476115e+00 1.266972458483195751e+01 -5.724597358086290555e+00 -2.000174936866539799e+00 5.189901975716637583e-01 -2.607395744428634288e+01
1.017972505718750575e+01 -1.064878450670181920e+01 3.417046679290358924e+01 5.077175828160326532e+00 -4.719605497267661320e+00 1.669832116524511889e+01
1.300670191076295445e+01 -1.687401899979791509e+01 1.440653307405532146e+01 -1.053254454009045737e+01 1.988967018590634339e+01 -9.992293991070535508e-01
5.668383595610866799e+00 -1.762662754379008234e+01 4.030744337013993572e+01 -2.025155754720342482e+00 1.377503187846674138e+00 -6.976000142914096092e-01
1.748640127704184921e-01 -5.197109787876827092e+00 2.672717220926512738e+01 -6.362240098015898404e+00 2.242811747072767758e+01 -1.092927244909996531e+01
