-3.942212800000000072e-01 3.091099900000000011e-01 4.231782099999999991e-01 -5.255836299999999683e-01 -5.386846699999999766e-01 5.951027999999999873e-02
2.717998300000000200e-01 -1.715615400000000124e-01 1.384027100000000121e-01 7.235750999999999988e-02 -8.721784500000000495e-01 -3.340738200000000213e-01
-2.194268299999999894e-01 4.469131000000000076e-01 2.259465999999999974e-01 -6.713863000000000469e-02 3.615766000000000258e-01 7.522123699999999635e-01
7.095443999999999640e-01 -1.288197299999999934e-01 2.409527399999999986e-01 2.124920499999999879e-01 -2.542669699999999811e-01 5.586496499999999976e-01
-7.787950000000000428e-02 -5.506975000000000064e-02 6.170077299999999765e-01 3.825497900000000007e-01 6.784166400000000152e-01 6.008402999999999661e-02
-1.482263500000000067e-01 7.336421300000000034e-01 4.455134900000000120e-01 -3.084909100000000071e-01 -3.241583800000000237e-01 2.026588400000000068e-01
4.782216400000000034e-01 -3.863102199999999820e-01 -3.947692899999999949e-01 1.881427999999999989e-01 -5.500684300000000526e-01 -3.581238500000000213e-01
8.008695000000000397e-02 6.533010399999999995e-01 -2.750859399999999733e-01 -1.216915900000000023e-01 -4.636442100000000011e-01 5.112110699999999897e-01
-1.183208899999999980e-01 -3.130466800000000216e-01 6.665682000000000551e-02 -5.083565199999999784e-01 -7.792767400000000233e-01 1.336421299999999979e-01
-2.560998299999999728e-01 -5.639648299999999725e-01 5.995544000000000429e-01 1.219778299999999954e-01 2.451025500000000024e-01 4.265409900000000087e-01
-4.236339599999999761e-01 -4.154695299999999758e-01 -3.978302799999999806e-01 -4.571771199999999924e-01 2.325218699999999916e-01 4.759969199999999900e-01
7.249051399999999479e-01 -3.738084899999999933e-01 3.363540999999999753e-02 -4.791395099999999907e-01 2.610980399999999757e-01 1.894770799999999922e-01
6.592704900000000423e-01 3.723122899999999902e-01 -8.047869000000000550e-02 -2.370104000000000100e-01 -4.246903799999999785e-01 4.286412399999999789e-01
4.269720900000000263e-01 -4.230872000000000105e-02 -5.067727600000000443e-01 -5.626563300000000378e-01 -4.924469599999999891e-01 -9.734999999999999459e-05
2.233837800000000040e-01 -7.929876399999999936e-01 -2.171492600000000106e-01 4.815560799999999975e-01 1.644460600000000050e-01 1.231978700000000010e-01
5.213247500000000034e-01 3.226955799999999819e-01 5.008978400000000386e-01 6.030450000000000532e-01 9.759445999999999399e-02 -1.210469999999999949e-03
2.223614999999999897e-01 4.660653699999999788e-01 4.351526000000000005e-01 4.587918400000000063e-01 -5.739820300000000319e-01 -6.352420999999999762e-02
-2.346738299999999999e-01 -2.947940900000000086e-01 1.442078099999999918e-01 5.530965799999999488e-01 6.582230100000000528e-01 3.131379699999999877e-01
6.599251400000000212e-01 5.456255300000000252e-01 1.680978599999999878e-01 3.821114999999999928e-01 1.014374999999999999e-01 2.867680899999999755e-01
3.278031800000000273e-01 -8.561351000000000377e-02 -3.479748599999999970e-01 -5.652592899999999698e-01 -6.030121600000000193e-01 -2.845824299999999973e-01
2.086480500000000016e-01 -1.753580000000000026e-03 -1.163788199999999939e-01 7.830960599999999827e-01 5.565177000000000040e-01 -1.413063599999999920e-01
-2.499642599999999937e-01 2.581976000000000271e-01 -5.364777800000000152e-01 -4.194810099999999875e-01 -3.324462000000000250e-01 -5.445719999999999450e-01
4.268183099999999786e-01 5.862677600000000266e-01 -2.201142299999999941e-01 3.694557199999999875e-01 1.449119500000000116e-01 5.178503300000000253e-01
1.363546000000000029e-02 6.117049199999999853e-01 4.099647200000000047e-01 1.482516899999999915e-01 6.140271200000000373e-01 -2.419756700000000038e-01
-3.351452500000000057e-01 -2.402005399999999902e-01 -4.907189299999999976e-01 3.080284799999999934e-01 -5.108599600000000018e-01 4.830288300000000201e-01
-6.574043400000000315e-01 1.651507299999999956e-01 -3.846283699999999972e-01 -2.513309499999999974e-01 8.138931000000000637e-02 -5.681675000000000475e-01
6.139572300000000205e-01 -5.575714899999999474e-01 -4.854410699999999745e-01 -1.243919599999999959e-01 1.505236799999999930e-01 1.959254300000000115e-01
-7.620859700000000014e-01 2.504514700000000094e-01 -3.500914500000000262e-01 3.964238199999999823e-01 1.549546499999999993e-01 -2.297220799999999952e-01
3.449975000000000264e-02 6.591313999999999507e-02 -4.048060499999999728e-01 3.606769300000000067e-01 8.342580899999999522e-01 -6.725227999999999762e-02
5.838013999999999704e-02 -5.983094199999999807e-01 4.544269499999999962e-01 5.145882299999999798e-01 1.765014199999999922e-01 3.689985800000000205e-01
-6.055599799999999977e-01 -1.796514000000000097e-02 -4.414356700000000022e-01 3.451897600000000121e-01 2.970250199999999730e-01 4.803426800000000219e-01
-3.867404099999999789e-01 5.318811500000000247e-01 4.090980699999999803e-01 -3.167305000000000120e-02 5.142918699999999843e-01 -3.669792299999999896e-01
3.459814600000000184e-01 3.755690700000000048e-01 -6.734568899999999747e-01 -2.359767600000000076e-01 3.046741000000000033e-01 3.703905800000000248e-01
-5.629093600000000253e-01 -2.946580799999999889e-01 2.500530799999999831e-01 -2.562629299999999999e-01 5.259539199999999637e-01 -4.375898699999999919e-01
-4.535125500000000143e-01 7.089522400000000113e-01 -3.411682200000000220e-01 -3.813757000000000258e-02 3.792927500000000118e-01 -1.732046899999999945e-01
-3.237708100000000200e-01 2.206018700000000055e-01 5.316372600000000004e-01 -2.970088699999999804e-01 -5.347190800000000133e-01 4.355804600000000026e-01
-4.427234000000000030e-02 -3.258366799999999897e-01 3.468592000000000203e-02 4.738404199999999844e-01 -4.479737300000000144e-01 -6.822478299999999996e-01
1.693311500000000136e-01 -1.776133000000000017e-01 5.690784800000000532e-01 -5.394140099999999993e-01 2.069623700000000066e-01 -5.311584200000000200e-01
3.695089300000000132e-01 -2.750797200000000275e-01 5.381017399999999951e-01 -6.781181999999999488e-02 4.176458900000000196e-01 5.649905200000000516e-01
-4.252433999999999936e-01 1.192244699999999991e-01 -1.267467100000000124e-01 -5.284639000000000003e-02 6.845446299999999873e-01 -5.634667399999999660e-01
-1.767675000000000149e-02 -5.116318300000000097e-01 8.238513999999999560e-02 -8.394829299999999606e-01 9.081374999999999864e-02 1.347380999999999995e-01
-1.642145100000000080e-01 -1.496109899999999993e-01 3.776204699999999859e-01 -4.523919699999999766e-01 6.321577200000000341e-01 -4.514100600000000019e-01
1.437191899999999967e-01 -1.205101499999999964e-01 -4.944058800000000198e-01 -5.992222600000000066e-01 5.919295000000000112e-02 5.981753899999999735e-01
5.646985100000000424e-01 3.924656999999999729e-01 4.493873999999999785e-02 -4.447541099999999803e-01 -4.668868600000000146e-01 3.305710600000000277e-01
-2.637056799999999979e-01 -6.000908900000000434e-01 -6.129504999999999537e-01 -2.090240299999999996e-01 3.753939499999999763e-01 1.001512100000000044e-01
1.159897399999999940e-01 3.096740599999999732e-01 -4.499662700000000015e-01 -4.749362100000000253e-01 -6.445184200000000363e-01 2.172793500000000100e-01
1.000343399999999994e-01 -3.692779400000000267e-01 4.378275400000000150e-01 -5.219524599999999515e-01 2.650606200000000245e-01 -5.650154699999999641e-01
5.939226399999999462e-01 2.152288199999999874e-01 4.991549399999999914e-01 -3.416251599999999833e-01 2.915101299999999784e-01 -3.874156699999999898e-01
3.776455200000000123e-01 4.101276999999999839e-01 5.678128000000000064e-01 6.365880999999999623e-02 -1.782065700000000086e-01 -5.752892600000000245e-01
1.404937699999999901e-01 4.235900300000000063e-01 -8.052969399999999611e-01 -4.232475000000000126e-02 3.370138100000000247e-01 -1.922501899999999875e-01
5.313065999999999622e-01 2.654803499999999761e-01 -6.005909999999999721e-03 4.583358599999999838e-01 -5.944831900000000502e-01 2.893360999999999850e-01
-3.077832099999999738e-01 -5.854187199999999480e-01 4.954730399999999757e-01 2.676737599999999828e-01 -1.840103499999999892e-01 4.599476399999999909e-01
1.580967999999999957e-02 6.521383800000000175e-01 -5.026191100000000356e-01 2.111802200000000018e-01 -4.527920699999999909e-01 -2.687412699999999766e-01
3.664068899999999851e-01 2.945115200000000266e-01 4.531125300000000133e-01 -1.941181499999999893e-01 -5.736861300000000163e-01 -4.548630100000000120e-01
-2.712253499999999762e-01 3.816517999999999855e-01 6.312878600000000340e-01 -2.123583699999999908e-01 3.680222599999999900e-01 4.491301400000000110e-01
-6.136271699999999996e-01 -1.746102800000000066e-01 -4.528215999999999908e-01 5.571512899999999657e-01 -6.115186000000000233e-02 -2.716034399999999738e-01
-5.394929499999999711e-01 -7.946198999999999624e-02 -3.980450600000000061e-01 -2.102366900000000038e-01 6.635083999999999982e-01 -2.444389999999999896e-01
-3.170238599999999907e-01 5.661923300000000214e-01 -1.326301400000000075e-01 6.903539400000000548e-01 7.065454000000000179e-02 2.824017400000000122e-01
-5.262814300000000500e-01 1.538446199999999875e-01 -1.471072499999999950e-01 -5.322276700000000416e-01 -3.805314300000000038e-01 4.996485700000000141e-01
-6.164219800000000360e-01 2.441353199999999890e-01 -4.107525300000000046e-01 -4.679474200000000028e-01 3.921329800000000199e-01 -1.376996299999999895e-01
-1.369991499999999862e-01 -5.166623000000000049e-02 -8.310271500000000477e-01 3.250528400000000095e-01 4.251420000000000199e-01 3.937820000000000209e-02
-4.225198000000000009e-01 -3.662904000000000160e-02 -5.158488100000000465e-01 2.854916800000000254e-01 -6.018107400000000107e-01 3.321952200000000133e-01
-5.503640800000000333e-01 -1.346080299999999896e-01 -5.634077499999999850e-01 -4.007830600000000243e-01 6.561551000000000189e-02 4.434177599999999941e-01
4.977521899999999833e-01 5.947791799999999629e-01 1.895958000000000088e-01 -1.918813999999999936e-02 -5.781924499999999689e-01 -1.669108400000000048e-01
-1.876429999999999895e-03 -5.744753299999999507e-01 4.927935500000000246e-01 3.548932999999999949e-02 2.619930899999999840e-01 -5.976865500000000386e-01
3.767350899999999947e-01 -1.127296099999999940e-01 7.665884400000000376e-01 -1.347562000000000065e-02 2.103253200000000100e-01 4.618295599999999723e-01
-1.940742699999999932e-01 5.519003099999999495e-01 4.711264900000000089e-01 4.219661800000000240e-01 -5.363739000000000007e-02 -5.048253400000000113e-01
-4.213384199999999913e-01 -6.271457400000000071e-01 -3.171467499999999773e-01 -1.164018899999999940e-01 2.246120899999999865e-01 5.143735000000000390e-01
-4.693699299999999908e-01 -2.171562300000000056e-01 -4.399195599999999873e-01 4.974877899999999853e-01 5.848840999999999762e-02 5.367409400000000552e-01
-3.243532999999999833e-02 -4.243697499999999900e-01 -6.027357199999999748e-01 1.376707199999999964e-01 -6.113917599999999508e-01 2.506288199999999744e-01
-4.659434299999999918e-01 4.740332999999999908e-01 4.420857200000000153e-01 -4.631359199999999787e-01 -2.319400600000000034e-01 3.073406799999999772e-01
5.032601799999999459e-01 -1.980759699999999901e-01 -8.823529999999999568e-03 -3.157473499999999822e-01 -5.533457400000000304e-01 -5.491168800000000294e-01
-3.543586899999999762e-01 6.868784599999999685e-01 5.935860299999999867e-01 -1.045292500000000041e-01 1.342033099999999923e-01 1.461048899999999873e-01
2.506138800000000111e-01 5.236446000000000156e-02 -2.772744699999999951e-01 6.121553800000000267e-01 6.595728299999999988e-01 -2.186298000000000130e-01
-6.403759799999999558e-01 -3.776541199999999820e-01 1.578167900000000123e-01 2.567114300000000182e-01 -5.868346899999999922e-01 -1.100641799999999976e-01
8.950213399999999986e-01 1.817078000000000096e-02 -2.705817799999999940e-01 -9.542733000000000465e-02 -3.011442599999999969e-01 -1.599933799999999906e-01
6.151522200000000273e-01 2.499685299999999943e-01 4.339090999999999920e-01 5.039663100000000284e-01 1.627915000000000056e-01 3.005715500000000207e-01
-4.200670699999999869e-01 -3.797201199999999943e-01 -5.601194900000000532e-01 6.811383000000000021e-02 4.645573800000000197e-01 -3.810110099999999833e-01
-1.073004899999999984e-01 1.436481599999999970e-01 -7.918321000000000387e-01 4.110546999999999951e-01 1.735926000000000136e-02 4.142299099999999790e-01
-8.349344999999999684e-02 1.256705700000000092e-01 -6.306133600000000117e-01 -5.565715599999999652e-01 3.325248000000000093e-01 3.990211900000000256e-01
-3.788078300000000120e-01 -2.595778699999999883e-01 3.797366799999999931e-01 6.624555399999999539e-01 -4.533105099999999998e-01 2.421262000000000067e-02
-2.098828600000000044e-01 5.288128600000000512e-01 3.967098800000000147e-01 1.406903200000000076e-01 -4.534689100000000028e-01 -5.417560399999999943e-01
6.105332300000000378e-01 6.916632999999999809e-02 -5.329727899999999741e-01 5.725947099999999512e-01 4.238673999999999914e-02 -9.350862999999999536e-02
5.639346100000000028e-01 -2.714235700000000029e-01 4.079232600000000097e-01 6.262231799999999904e-01 4.129486000000000268e-02 -2.191914199999999979e-01
2.695272699999999855e-01 5.264372499999999677e-01 -2.248312799999999945e-01 4.089424400000000182e-01 5.589478700000000133e-01 -3.464291199999999793e-01
5.244704900000000114e-01 -1.465387999999999934e-02 -3.460507600000000128e-01 -7.088130099999999656e-01 -3.201547399999999932e-01 -7.064499999999999599e-03
7.578809000000000240e-02 -1.087537600000000049e-01 -4.039384200000000202e-01 2.548202399999999757e-01 -7.365441900000000430e-01 -4.602519199999999810e-01
-4.008205499999999977e-01 -6.231301999999999675e-01 -1.492223900000000103e-01 -4.784005199999999958e-01 9.127831000000000139e-02 4.377048399999999839e-01
-8.214786999999999784e-02 -3.985720999999999709e-02 -2.493787699999999996e-01 -8.385623100000000330e-01 -7.466003999999999696e-02 4.698004900000000150e-01
3.261785500000000115e-01 -5.387581399999999965e-01 2.482464699999999969e-01 -4.544198700000000035e-01 5.209658799999999923e-01 -2.526223400000000008e-01
-5.792635600000000107e-01 -3.570709699999999875e-01 -2.930981400000000070e-01 -3.837788400000000100e-01 5.442732900000000207e-01 8.676356999999999819e-02
2.218756400000000129e-01 -4.028722100000000084e-01 -3.704665899999999845e-01 1.367713999999999874e-01 7.277170099999999975e-01 -3.208445400000000114e-01
6.125122100000000014e-01 -3.481313300000000166e-01 -3.528544399999999914e-01 -2.769270999999999885e-02 -8.943368999999999625e-02 6.085736200000000373e-01
-2.721705400000000163e-01 5.098776999999999893e-01 4.926944999999999936e-02 -3.857474799999999759e-01 6.575519800000000359e-01 2.869577099999999770e-01
-5.077530700000000285e-01 1.520524500000000057e-01 -4.652774599999999761e-01 5.392420100000000494e-01 -4.600142500000000134e-01 1.373723999999999952e-02
-3.604044000000000136e-01 -2.326494000000000131e-02 1.402387599999999901e-01 6.912914199999999898e-01 -5.799756499999999537e-01 -1.887986299999999951e-01
-4.735212999999999922e-02 -4.888123899999999855e-01 -1.369862500000000038e-01 -2.404003000000000112e-01 -5.914577899999999833e-01 -5.765764199999999784e-01
-2.686801999999999802e-01 -7.170086199999999854e-01 1.398097899999999894e-01 -6.089499999999999774e-02 -5.149101799999999951e-01 3.540086399999999855e-01
3.097377099999999994e-01 4.616121200000000147e-01 4.944332100000000119e-01 8.853125000000000577e-02 2.135974399999999995e-01 6.269377600000000106e-01
-3.209980800000000190e-01 2.208256200000000002e-01 5.854460999999999693e-01 7.023160000000000514e-02 6.906831599999999627e-01 -1.532103900000000019e-01
