-3.942212800000000072e-01 3.091099900000000011e-01 4.231782099999999991e-01 -5.255836299999999683e-01 -5.386846699999999766e-01 5.951027999999999873e-02
2.717998300000000200e-01 -1.715615400000000124e-01 1.384027100000000121e-01 7.235750999999999988e-02 -8.721784500000000495e-01 -3.340738200000000213e-01
-2.194268299999999894e-01 4.469131000000000076e-01 2.259465999999999974e-01 -6.713863000000000469e-02 3.615766000000000258e-01 7.522123699999999635e-01
7.095443999999999640e-01 -1.288197299999999934e-01 2.409527399999999986e-01 2.124920499999999879e-01 -2.542669699999999811e-01 5.586496499999999976e-01
-7.787950000000000428e-02 -5.506975000000000064e-02 6.170077299999999765e-01 3.825497900000000007e-01 6.784166400000000152e-01 6.008402999999999661e-02
-1.482263500000000067e-01 7.336421300000000034e-01 4.455134900000000120e-01 -3.084909100000000071e-01 -3.241583800000000237e-01 2.026588400000000068e-01
4.782216400000000034e-01 -3.863102199999999820e-01 -3.947692899999999949e-01 1.881427999999999989e-01 -5.500684300000000526e-01 -3.581238500000000213e-01
8.008695000000000397e-02 6.533010399999999995e-01 -2.750859399999999733e-01 -1.216915900000000023e-01 -4.636442100000000011e-01 5.112110699999999897e-01
-1.183208899999999980e-01 -3.130466800000000216e-01 6.665682000000000551e-02 -5.083565199999999784e-01 -7.792767400000000233e-01 1.336421299999999979e-01
-2.560998299999999728e-01 -5.639648299999999725e-01 5.995544000000000429e-01 1.219778299999999954e-01 2.451025500000000024e-01 4.265409900000000087e-01
-4.236339599999999761e-01 -4.154695299999999758e-01 -3.978302799999999806e-01 -4.571771199999999924e-01 2.325218699999999916e-01 4.759969199999999900e-01
7.249051399999999479e-01 -3.738084899999999933e-01 3.363540999999999753e-02 -4.791395099999999907e-01 2.610980399999999757e-01 1.894770799999999922e-01
6.592704900000000423e-01 3.723122899999999902e-01 -8.047869000000000550e-02 -2.370104000000000100e-01 -4.246903799999999785e-01 4.286412399999999789e-01
4.269720900000000263e-01 -4.230872000000000105e-02 -5.067727600000000443e-01 -5.626563300000000378e-01 -4.924469599999999891e-01 -9.734999999999999459e-05
2.233837800000000040e-01 -7.929876399999999936e-01 -2.171492600000000106e-01 4.815560799999999975e-01 1.644460600000000050e-01 1.231978700000000010e-01
5.213247500000000034e-01 3.226955799999999819e-01 5.008978400000000386e-01 6.030450000000000532e-01 9.759445999999999399e-02 -1.210469999999999949e-03
2.223614999999999897e-01 4.660653699999999788e-01 4.351526000000000005e-01 4.587918400000000063e-01 -5.739820300000000319e-01 -6.352420999999999762e-02
-2.346738299999999999e-01 -2.947940900000000086e-01 1.442078099999999918e-01 5.530965799999999488e-01 6.582230100000000528e-01 3.131379699999999877e-01
6.599251400000000212e-01 5.456255300000000252e-01 1.680978599999999878e-01 3.821114999999999928e-01 1.014374999999999999e-01 2.867680899999999755e-01
3.278031800000000273e-01 -8.561351000000000377e-02 -3.479748599999999970e-01 -5.652592899999999698e-01 -6.030121600000000193e-01 -2.845824299999999973e-01
2.086480500000000016e-01 -1.753580000000000026e-03 -1.163788199999999939e-01 7.830960599999999827e-01 5.565177000000000040e-01 -1.413063599999999920e-01
-2.499642599999999937e-01 2.581976000000000271e-01 -5.364777800000000152e-01 -4.194810099999999875e-01 -3.324462000000000250e-01 -5.445719999999999450e-01
4.268183099999999786e-01 5.862677600000000266e-01 -2.201142299999999941e-01 3.694557199999999875e-01 1.449119500000000116e-01 5.178503300000000253e-01
1.363546000000000029e-02 6.117049199999999853e-01 4.099647200000000047e-01 1.482516899999999915e-01 6.140271200000000373e-01 -2.419756700000000038e-01
-3.351452500000000057e-01 -2.402005399999999902e-01 -4.907189299999999976e-01 3.080284799999999934e-01 -5.108599600000000018e-01 4.830288300000000201e-01
-6.574043400000000315e-01 1.651507299999999956e-01 -3.846283699999999972e-01 -2.513309499999999974e-01 8.138931000000000637e-02 -5.681675000000000475e-01
6.139572300000000205e-01 -5.575714899999999474e-01 -4.854410699999999745e-01 -1.243919599999999959e-01 1.505236799999999930e-01 1.959254300000000115e-01
-7.620859700000000014e-01 2.504514700000000094e-01 -3.500914500000000262e-01 3.964238199999999823e-01 1.549546499999999993e-01 -2.297220799999999952e-01
3.449975000000000264e-02 6.591313999999999507e-02 -4.048060499999999728e-01 3.606769300000000067e-01 8.342580899999999522e-01 -6.725227999999999762e-02
5.838013999999999704e-02 -5.983094199999999807e-01 4.544269499999999962e-01 5.145882299999999798e-01 1.765014199999999922e-01 3.689985800000000205e-01
-6.055599799999999977e-01 -1.796514000000000097e-02 -4.414356700000000022e-01 3.451897600000000121e-01 2.970250199999999730e-01 4.803426800000000219e-01
-3.867404099999999789e-01 5.318811500000000247e-01 4.090980699999999803e-01 -3.167305000000000120e-02 5.142918699999999843e-01 -3.669792299999999896e-01
3.459814600000000184e-01 3.755690700000000048e-01 -6.734568899999999747e-01 -2.359767600000000076e-01 3.046741000000000033e-01 3.703905800000000248e-01
-5.629093600000000253e-01 -2.946580799999999889e-01 2.500530799999999831e-01 -2.562629299999999999e-01 5.259539199999999637e-01 -4.375898699999999919e-01
-4.535125500000000143e-01 7.089522400000000113e-01 -3.411682200000000220e-01 -3.813757000000000258e-02 3.792927500000000118e-01 -1.732046899999999945e-01
-3.237708100000000200e-01 2.206018700000000055e-01 5.316372600000000004e-01 -2.970088699999999804e-01 -5.347190800000000133e-01 4.355804600000000026e-01
-4.427234000000000030e-02 -3.258366799999999897e-01 3.468592000000000203e-02 4.738404199999999844e-01 -4.479737300000000144e-01 -6.822478299999999996e-01
1.693311500000000136e-01 -1.776133000000000017e-01 5.690784800000000532e-01 -5.394140099999999993e-01 2.069623700000000066e-01 -5.311584200000000200e-01
3.695089300000000132e-01 -2.750797200000000275e-01 5.381017399999999951e-01 -6.781181999999999488e-02 4.176458900000000196e-01 5.649905200000000516e-01
-4.252433999999999936e-01 1.192244699999999991e-01 -1.267467100000000124e-01 -5.284639000000000003e-02 6.845446299999999873e-01 -5.634667399999999660e-01
-1.767675000000000149e-02 -5.116318300000000097e-01 8.238513999999999560e-02 -8.394829299999999606e-01 9.081374999999999864e-02 1.347380999999999995e-01
-1.642145100000000080e-01 -1.496109899999999993e-01 3.776204699999999859e-01 -4.523919699999999766e-01 6.321577200000000341e-01 -4.514100600000000019e-01
1.437191899999999967e-01 -1.205101499999999964e-01 -4.944058800000000198e-01 -5.992222600000000066e-01 5.919295000000000112e-02 5.981753899999999735e-01
5.646985100000000424e-01 3.924656999999999729e-01 4.493873999999999785e-02 -4.447541099999999803e-01 -4.668868600000000146e-01 3.305710600000000277e-01
-2.637056799999999979e-01 -6.000908900000000434e-01 -6.129504999999999537e-01 -2.090240299999999996e-01 3.753939499999999763e-01 1.001512100000000044e-01
1.159897399999999940e-01 3.096740599999999732e-01 -4.499662700000000015e-01 -4.749362100000000253e-01 -6.445184200000000363e-01 2.172793500000000100e-01
1.000343399999999994e-01 -3.692779400000000267e-01 4.378275400000000150e-01 -5.219524599999999515e-01 2.650606200000000245e-01 -5.650154699999999641e-01
5.939226399999999462e-01 2.152288199999999874e-01 4.991549399999999914e-01 -3.416251599999999833e-01 2.915101299999999784e-01 -3.874156699999999898e-01
3.776455200000000123e-01 4.101276999999999839e-01 5.678128000000000064e-01 6.365880999999999623e-02 -1.782065700000000086e-01 -5.752892600000000245e-01
1.404937699999999901e-01 4.235900300000000063e-01 -8.052969399999999611e-01 -4.232475000000000126e-02 3.370138100000000247e-01 -1.922501899999999875e-01
5.313065999999999622e-01 2.654803499999999761e-01 -6.005909999999999721e-03 4.583358599999999838e-01 -5.944831900000000502e-01 2.893360999999999850e-01
-3.077832099999999738e-01 -5.854187199999999480e-01 4.954730399999999757e-01 2.676737599999999828e-01 -1.840103499999999892e-01 4.599476399999999909e-01
1.580967999999999957e-02 6.521383800000000175e-01 -5.026191100000000356e-01 2.111802200000000018e-01 -4.527920699999999909e-01 -2.687412699999999766e-01
3.664068899999999851e-01 2.945115200000000266e-01 4.531125300000000133e-01 -1.941181499999999893e-01 -5.736861300000000163e-01 -4.548630100000000120e-01
-2.712253499999999762e-01 3.816517999999999855e-01 6.312878600000000340e-01 -2.123583699999999908e-01 3.680222599999999900e-01 4.491301400000000110e-01
-6.136271699999999996e-01 -1.746102800000000066e-01 -4.528215999999999908e-01 5.571512899999999657e-01 -6.115186000000000233e-02 -2.716034399999999738e-01
-5.394929499999999711e-01 -7.946198999999999624e-02 -3.980450600000000061e-01 -2.102366900000000038e-01 6.635083999999999982e-01 -2.444389999999999896e-01
-3.170238599999999907e-01 5.661923300000000214e-01 -1.326301400000000075e-01 6.903539400000000548e-01 7.065454000000000179e-02 2.824017400000000122e-01
-5.262814300000000500e-01 1.538446199999999875e-01 -1.471072499999999950e-01 -5.322276700000000416e-01 -3.805314300000000038e-01 4.996485700000000141e-01
-6.164219800000000360e-01 2.441353199999999890e-01 -4.107525300000000046e-01 -4.679474200000000028e-01 3.921329800000000199e-01 -1.376996299999999895e-01
-1.369991499999999862e-01 -5.166623000000000049e-02 -8.310271500000000477e-01 3.250528400000000095e-01 4.251420000000000199e-01 3.937820000000000209e-02
-4.225198000000000009e-01 -3.662904000000000160e-02 -5.158488100000000465e-01 2.854916800000000254e-01 -6.018107400000000107e-01 3.321952200000000133e-01
-5.503640800000000333e-01 -1.346080299999999896e-01 -5.634077499999999850e-01 -4.007830600000000243e-01 6.561551000000000189e-02 4.434177599999999941e-01
4.977521899999999833e-01 5.947791799999999629e-01 1.895958000000000088e-01 -1.918813999999999936e-02 -5.781924499999999689e-01 -1.669108400000000048e-01
-1.876429999999999895e-03 -5.744753299999999507e-01 4.927935500000000246e-01 3.548932999999999949e-02 2.619930899999999840e-01 -5.976865500000000386e-01
3.767350899999999947e-01 -1.127296099999999940e-01 7.665884400000000376e-01 -1.347562000000000065e-02 2.103253200000000100e-01 4.618295599999999723e-01
-1.940742699999999932e-01 5.519003099999999495e-01 4.711264900000000089e-01 4.219661800000000240e-01 -5.363739000000000007e-02 -5.048253400000000113e-01
-4.213384199999999913e-01 -6.271457400000000071e-01 -3.171467499999999773e-01 -1.164018899999999940e-01 2.246120899999999865e-01 5.143735000000000390e-01
-4.693699299999999908e-01 -2.171562300000000056e-01 -4.399195599999999873e-01 4.974877899999999853e-01 5.848840999999999762e-02 5.367409400000000552e-01
-3.243532999999999833e-02 -4.243697499999999900e-01 -6.027357199999999748e-01 1.376707199999999964e-01 -6.113917599999999508e-01 2.506288199999999744e-01
-4.659434299999999918e-01 4.740332999999999908e-01 4.420857200000000153e-01 -4.631359199999999787e-01 -2.319400600000000034e-01 3.073406799999999772e-01
5.032601799999999459e-01 -1.980759699999999901e-01 -8.823529999999999568e-03 -3.157473499999999822e-01 -5.533457400000000304e-01 -5.491168800000000294e-01
-3.543586899999999762e-01 6.868784599999999685e-01 5.935860299999999867e-01 -1.045292500000000041e-01 1.342033099999999923e-01 1.461048899999999873e-01
2.506138800000000111e-01 5.236446000000000156e-02 -2.772744699999999951e-01 6.121553800000000267e-01 6.595728299999999988e-01 -2.186298000000000130e-01
-6.403759799999999558e-01 -3.776541199999999820e-01 1.578167900000000123e-01 2.567114300000000182e-01 -5.868346899999999922e-01 -1.100641799999999976e-01
8.950213399999999986e-01 1.817078000000000096e-02 -2.705817799999999940e-01 -9.542733000000000465e-02 -3.011442599999999969e-01 -1.599933799999999906e-01
6.151522200000000273e-01 2.499685299999999943e-01 4.339090999999999920e-01 5.039663100000000284e-01 1.627915000000000056e-01 3.005715500000000207e-01
-4.200670699999999869e-01 -3.797201199999999943e-01 -5.601194900000000532e-01 6.811383000000000021e-02 4.645573800000000197e-01 -3.810110099999999833e-01
-1.073004899999999984e-01 1.436481599999999970e-01 -7.918321000000000387e-01 4.110546999999999951e-01 1.735926000000000136e-02 4.142299099999999790e-01
-8.349344999999999684e-02 1.256705700000000092e-01 -6.306133600000000117e-01 -5.565715599999999652e-01 3.325248000000000093e-01 3.990211900000000256e-01
-3.788078300000000120e-01 -2.595778699999999883e-01 3.797366799999999931e-01 6.624555399999999539e-01 -4.533105099999999998e-01 2.421262000000000067e-02
-2.098828600000000044e-01 5.288128600000000512e-01 3.967098800000000147e-01 1.406903200000000076e-01 -4.534689100000000028e-01 -5.417560399999999943e-01
6.105332300000000378e-01 6.916632999999999809e-02 -5.329727899999999741e-01 5.725947099999999512e-01 4.238673999999999914e-02 -9.350862999999999536e-02
5.639346100000000028e-01 -2.714235700000000029e-01 4.079232600000000097e-01 6.262231799999999904e-01 4.129486000000000268e-02 -2.191914199999999979e-01
2.695272699999999855e-01 5.264372499999999677e-01 -2.248312799999999945e-01 4.089424400000000182e-01 5.589478700000000133e-01 -3.464291199999999793e-01
5.244704900000000114e-01 -1.465387999999999934e-02 -3.460507600000000128e-01 -7.088130099999999656e-01 -3.201547399999999932e-01 -7.064499999999999599e-03
7.578809000000000240e-02 -1.087537600000000049e-01 -4.039384200000000202e-01 2.548202399999999757e-01 -7.365441900000000430e-01 -4.602519199999999810e-01
-4.008205499999999977e-01 -6.231301999999999675e-01 -1.492223900000000103e-01 -4.784005199999999958e-01 9.127831000000000139e-02 4.377048399999999839e-01
-8.214786999999999784e-02 -3.985720999999999709e-02 -2.493787699999999996e-01 -8.385623100000000330e-01 -7.466003999999999696e-02 4.698004900000000150e-01
3.261785500000000115e-01 -5.387581399999999965e-01 2.482464699999999969e-01 -4.544198700000000035e-01 5.209658799999999923e-01 -2.526223400000000008e-01
-5.792635600000000107e-01 -3.570709699999999875e-01 -2.930981400000000070e-01 -3.837788400000000100e-01 5.442732900000000207e-01 8.676356999999999819e-02
2.218756400000000129e-01 -4.028722100000000084e-01 -3.704665899999999845e-01 1.367713999999999874e-01 7.277170099999999975e-01 -3.208445400000000114e-01
6.125122100000000014e-01 -3.481313300000000166e-01 -3.528544399999999914e-01 -2.769270999999999885e-02 -8.943368999999999625e-02 6.085736200000000373e-01
-2.721705400000000163e-01 5.098776999999999893e-01 4.926944999999999936e-02 -3.857474799999999759e-01 6.575519800000000359e-01 2.869577099999999770e-01
-5.077530700000000285e-01 1.520524500000000057e-01 -4.652774599999999761e-01 5.392420100000000494e-01 -4.600142500000000134e-01 1.373723999999999952e-02
-3.604044000000000136e-01 -2.326494000000000131e-02 1.402387599999999901e-01 6.912914199999999898e-01 -5.799756499999999537e-01 -1.887986299999999951e-01
-4.735212999999999922e-02 -4.888123899999999855e-01 -1.369862500000000038e-01 -2.404003000000000112e-01 -5.914577899999999833e-01 -5.765764199999999784e-01
-2.686801999999999802e-01 -7.170086199999999854e-01 1.398097899999999894e-01 -6.089499999999999774e-02 -5.149101799999999951e-01 3.540086399999999855e-01
3.097377099999999994e-01 4.616121200000000147e-01 4.944332100000000119e-01 8.853125000000000577e-02 2.135974399999999995e-01 6.269377600000000106e-01
-3.209980800000000190e-01 2.208256200000000002e-01 5.854460999999999693e-01 7.023160000000000514e-02 6.906831599999999627e-01 -1.532103900000000019e-01
-2.369502451301704060e-01 -7.734127770898171494e-01 -6.832274739980341571e-02 -4.259532295315802131e-01 1.633910026101860757e-01 -3.645359876231246132e-01
-4.687864697827863747e-01 3.601154970670623623e-01 -5.747244986769012298e-01 -3.191663360093208862e-02 9.621318789508248592e-02 5.567514491368382723e-01
-4.329578344165051496e-01 6.757503053226289191e-01 5.218559197591569054e-01 2.755165805642018628e-01 1.512339145656994670e-02 8.623998116378131518e-02
-6.658616880913790226e-01 -4.211314493496523537e-02 -3.695962530056653983e-01 -2.132258509687970094e-01 2.825604056437367589e-02 6.099095324474070878e-01
-2.634489496402822040e-01 7.452500074175182343e-01 -2.663298169020197892e-01 -4.802524536128888188e-02 -1.935043295038615108e-01 5.143103695997258695e-01
-1.774746450793598107e-01 7.710693225000410100e-01 3.011768818079134657e-01 -2.244951726324258268e-01 -4.824361600128529437e-01 -1.022766320013316146e-02
-1.271756228585572968e-01 -4.222320390449398886e-01 -3.154686015160121926e-01 -6.206849062841429676e-01 5.583083002022088959e-01 -9.522665933648351289e-02
7.303752839744219738e-01 -4.759321226966607976e-01 2.487479879128564886e-01 -2.146334898339816444e-01 3.511698271878007094e-01 9.368679292522882895e-02
-6.061993559002989418e-01 6.503319091867083568e-01 1.428837870590523029e-01 3.322715278632080715e-01 -2.485894109881442993e-01 1.302839541590367356e-01
-2.615462813151716581e-01 5.066436638742286558e-01 -3.920091946814553419e-01 9.545787731740763837e-02 -3.390585475662743487e-01 6.302076061519751304e-01
-5.659858823810709483e-01 4.247467610472741018e-01 -4.411898255985143846e-01 3.522787213947468077e-01 2.913414546098535424e-02 4.238544699944347127e-01
-8.518318491528330261e-02 8.504096928115505438e-01 -4.749017678385643593e-01 2.630249054238487268e-03 -1.680178196510516142e-01 1.256128351454528225e-01
-2.565999735172529994e-01 8.614463892534414136e-01 -2.092959018830247708e-01 2.911248819515539488e-01 -1.606784978929277907e-01 1.941404669606281719e-01
1.028501281631671177e-01 7.782852503371711084e-01 -6.111706765677835662e-01 8.015127303860605443e-03 7.284191247863600061e-02 6.923971309055544643e-02
-6.961060774533909257e-01 4.634737789013950726e-01 -3.307314908539259468e-01 3.444562575648426050e-01 -2.423918485963024450e-01 -1.176483936114041534e-01
6.912447386667502913e-02 8.948344076637123612e-01 1.644029057709365527e-01 3.249843835111428381e-01 -2.448975767949272686e-01 4.330360148666834164e-02
4.983205090585227093e-02 5.426989501325431009e-01 -7.924114410730824787e-01 9.244797797721465704e-02 -1.748149457795647177e-01 1.896624116266711346e-01
-7.444519731811723162e-02 8.910167658296163085e-01 -3.236328281213141644e-01 3.095300117419909069e-01 7.366820291256651292e-17 1.790544531995267539e-17
4.694899427489685473e-01 8.460423498041244050e-01 -4.288730042775927565e-02 4.136134729945905447e-02 -3.521481915499771742e-02 2.429019780054481326e-01
-3.415086962815354621e-01 6.387816183329703135e-01 -6.022701869050379742e-01 2.477684590102128825e-01 -2.087095761920528814e-01 8.747330984252298103e-02
-2.804554826269055612e-01 6.988439485325323997e-01 -4.438449710935082337e-01 1.429203166793679147e-01 -2.195086506620902433e-01 4.090882971483651431e-01
-3.197227368217222532e-01 6.753226684666906454e-01 -3.783453775020934606e-01 2.479715870682533685e-01 -3.491872410298706986e-01 3.393372998151733544e-01
-4.228900508072927500e-01 8.062169976788905457e-01 -3.046517227027452090e-01 2.386379625892111611e-01 -6.726997229705963810e-02 1.299698390955138783e-01
-4.257816488157902257e-01 6.816370354112128993e-01 -5.202542057217699467e-01 1.446757754487764114e-01 -8.546136188566855196e-02 2.349080171881587076e-01
-2.156962091593917219e-01 7.941825826055304294e-01 -4.867591447694750717e-01 2.630782729978339840e-01 -1.845602348058307529e-02 1.275300093990758832e-01
-2.843132396951468868e-02 9.808892953169719986e-01 -1.598877145594651550e-01 5.837742755579463511e-02 -4.599486574159199898e-02 7.720309035425154676e-02
-1.425605452875796375e-01 7.645371439535678659e-01 -3.996468439084285840e-01 1.311844839757961012e-01 -4.481743303268584944e-01 1.318038216317632683e-01
-9.358135337379118457e-02 8.904166178419382627e-01 8.278555102389377474e-02 -1.563297835904029487e-01 -2.043356225445958907e-01 3.540554781883961111e-01
-3.287571203531970965e-01 6.111565156068035076e-01 -5.570866476846908499e-01 1.858514822370788966e-01 -3.450344177231854936e-01 2.333911167044722956e-01
-2.168519175775873165e-01 9.420027183495365275e-01 -2.085623188212544776e-01 3.768905785338481224e-02 -8.464294971832975190e-02 1.162883898504615404e-01
-3.473903820164171985e-01 7.708452871519931859e-01 -5.337447966269058819e-01 1.425476180976438696e-02 -1.694057520396640825e-03 -5.281076274420332811e-03
-2.142243235951884761e-01 9.767636468836662367e-01 3.231115541546343908e-03 -4.288184620855937414e-03 -2.116480369146129040e-03 2.721981367745415336e-03
-4.763028354191110349e-03 9.261343974922673361e-01 -3.490108804897128492e-01 -2.899377724528423225e-02 -8.119986434581673296e-02 1.140602452811649570e-01
-1.141701087647061658e-01 8.365770493933575302e-01 -4.631851017612249044e-01 1.580842028430168023e-01 -1.118361063381181075e-01 1.872582663863459618e-01
2.925391424634303170e-02 9.068325712991329723e-01 -3.665191951362599676e-01 6.861826933853412691e-02 -1.943041657863338600e-01 -0.000000000000000000e+00
-6.575450062717065960e-03 8.833352351915554346e-01 -1.692279028448639422e-01 1.786622443354571321e-01 -2.108469191345141991e-01 3.386161865073530897e-01
-1.634345713304939385e-01 8.356490965759987288e-01 -3.134211183199125395e-01 3.550497273674792925e-02 -1.720092342608877944e-01 3.819674738989906615e-01
-5.179383984775094429e-01 5.434748399508229078e-01 -6.158597286775804314e-01 1.110776064914914540e-01 -1.152073714901844514e-01 1.774281127854347717e-01
-2.748762093676638263e-01 8.292042404795492150e-01 -4.346428435640343202e-01 5.757898708946652261e-02 -1.591810869763233549e-01 1.389065780579012699e-01
-2.422717901302739452e-01 7.924118949464372674e-01 -4.266289697454416219e-01 1.618826115164766488e-01 -1.852420231720889598e-01 2.661858440415808547e-01
-1.538574195534613276e-01 7.521669547864660021e-01 -5.761489154279146874e-01 9.862682723053170508e-02 -2.379476039170084212e-01 -1.108101104025959738e-01
-1.267834639646514550e-01 8.572904274793321511e-01 -3.065382992630761305e-01 -1.166357428600535845e-01 -2.613467140138730493e-01 2.703837011803097434e-01
-5.757248895903632757e-01 5.241482754527718724e-01 -6.275423785259838239e-01 -7.233920291782152870e-18 5.221287360093510752e-17 -1.443823688824978504e-16
1.257665461992702738e-01 9.197931105000255458e-01 -2.406366930043058738e-01 9.423632561852601786e-02 -1.934298648813838339e-01 1.842872595152331427e-01
-2.970212836121994826e-01 8.986382710403877372e-01 -2.402837629046070678e-01 3.233982462395598723e-02 -1.424864543460109823e-01 1.585656780595994797e-01
-2.079891239519079255e-02 9.029108764487572270e-01 -3.872783603188771906e-01 9.950429898337286028e-02 -1.563128930903132097e-01 -0.000000000000000000e+00
-1.293918170072445029e-01 7.422342290371896079e-01 -4.896509647114440367e-01 2.601483210944519620e-01 -1.718082820513940623e-01 3.088572565839618478e-01
-1.243595473797438067e-01 8.811527927703272089e-01 -4.001658123047570625e-01 1.136069432877148122e-01 -1.445645983004887336e-01 1.190223541443896776e-01
-1.211849466751723503e-01 8.769593568933370387e-01 -3.410092988997249219e-01 1.256190453788390560e-01 -1.301510248404883774e-01 2.593255083703838171e-01
-1.419983409107238581e-01 8.981374540686384300e-01 -3.787333833818700701e-01 -3.768246289020830975e-02 -1.375845855556565578e-01 9.693875849129654498e-02
-1.650108493407232702e-01 8.657919895267038868e-01 -3.835364035557977114e-01 7.219414086734086966e-02 -1.877678275881098924e-01 1.886974471634359773e-01
-2.897495794762159904e-01 7.522813131351867577e-01 -5.698132998086410383e-01 9.201710966167173100e-02 -8.365891535735313356e-02 9.982408463334781212e-02
-3.023116767600130331e-02 8.881345317949573825e-01 -3.778366497041352745e-01 1.395822996809165384e-01 -1.876448664930019938e-01 1.133524669747519170e-01
-1.986935512551960825e-01 8.198205206753481633e-01 -4.245814160468247001e-01 6.476386452140278638e-02 -1.483718567832391644e-01 2.862468195173883956e-01
-8.258708842620517132e-02 8.079167168567973345e-01 -4.137833545888955356e-01 2.281902927423376803e-01 -1.573637188331913628e-01 3.039722638776942709e-01
-1.220076011880265043e-01 7.655932672566878594e-01 -5.598066659216047736e-01 -5.253836831361508725e-02 -2.107219681721777260e-01 1.960447988544878895e-01
-1.494562707566203796e-01 7.499654319436737104e-01 -4.150742903205085210e-01 -3.845109827686392368e-02 -1.013270294140607847e-01 4.808142611106850373e-01
-1.630210063574381307e-01 8.527691412241220625e-01 -4.008908141705828654e-01 2.948275761615693283e-02 -2.238982121482688270e-01 1.857306005371341939e-01
-2.154282713154492129e-02 8.581937878761869420e-01 -3.434362048869218920e-01 1.300098393312728862e-01 -2.403204638760284007e-01 2.653948351838028019e-01
-2.115110459751928518e-01 7.257456177241986550e-01 -6.269777296958244373e-01 1.156789429817097342e-01 -1.344487976082462677e-01 6.322345468575674143e-02
-5.776305925842901978e-02 8.688096964580714898e-01 -4.191142731259712706e-01 5.581537770726708453e-02 -1.148508410924346385e-01 2.233165786487542326e-01
-1.544239606973275281e-01 8.713025725913029484e-01 -3.824386515122640828e-01 9.479841293055044082e-02 -1.203720084411881164e-01 2.173696981584417043e-01
-3.305078604630413142e-01 7.805843957658173959e-01 -4.245543115604789586e-01 1.143075467271112700e-01 -2.617927070901104325e-01 1.400162671625168054e-01
-1.459591308441807178e-01 8.578021147888021947e-01 -4.293447159112168676e-01 1.760941596422713890e-02 -1.700543818317445666e-01 1.711899371908536249e-01
1.441109558678077829e-01 6.349942418866125760e-01 4.420505061039797789e-01 1.769410900896746519e-02 6.046133857672983947e-01 1.213889100384002162e-01
-1.067138259163662589e-01 8.820765771212871753e-01 -4.244612101027264162e-01 8.711824455889795316e-02 -1.509839860229904018e-01 -0.000000000000000000e+00
-1.427669685722632031e-01 8.187803847896403253e-01 -4.112292801938003950e-01 1.457967260048994851e-01 -2.715261369043848738e-01 2.124232212912165463e-01
-2.172164635953967859e-01 8.917069306807823281e-01 -3.174927401366222091e-01 -7.170875071789760934e-03 -2.149527904123012811e-01 1.030436515471841730e-01
-1.983286053132523319e-01 7.896491863432671954e-01 -4.760630465828623037e-01 7.452856785926868788e-02 -3.860620209392671975e-02 3.216192721726870429e-01
-1.322717302504307080e-01 8.631251608434624689e-01 -3.780699059296836473e-01 6.259056985800706685e-02 -2.276377282538398772e-01 1.970933219723725038e-01
-1.745665186476969555e-01 8.732254898925043696e-01 -4.356146466076467050e-01 5.106741936470898108e-02 -1.209783976978660996e-01 -0.000000000000000000e+00
-2.647591665452334597e-01 -6.415909887590386385e-01 3.000264962319462159e-01 4.891937898687966080e-02 -6.450565371726092456e-01 9.877573914010828737e-02
-1.924988413700059187e-01 8.264578759512484218e-01 -4.432866162539971233e-01 -7.667635670774301804e-02 -2.188830919794108876e-01 1.721031073717072812e-01
-2.369478166671527275e-01 8.288465169417723599e-01 -4.491347861022671473e-01 8.232167501015934252e-02 -1.699597914467768645e-01 1.395848794029003193e-01
-1.704417174227907950e-01 8.518248933368773868e-01 -3.950626773528288505e-01 1.050805628862418878e-01 -2.407473065868536433e-01 1.423666488019146581e-01
-1.592419601994475853e-01 8.495298100495882743e-01 -4.232322762364508772e-01 8.889458868910787848e-02 -2.030546187975994232e-01 1.571054238001236003e-01
-4.458968002463205987e-02 8.396924123726328126e-01 -4.030969787119095815e-01 6.299387423357337423e-02 -2.381901842341601350e-01 2.640803793090301665e-01
-1.420778434779317034e-01 8.315172497869467438e-01 -3.876629999407595339e-01 1.709319661146534719e-01 -2.370506345702403928e-01 2.295639514086839361e-01
-2.175115688839162620e-01 8.488601141070714062e-01 -3.680150634718848401e-01 -3.730838947191976538e-03 -1.983362171940358798e-01 2.394555552236827811e-01
-4.790232597930665220e-02 8.314098541767347417e-01 -4.179880998623926591e-01 8.872184235152515142e-02 -2.613456528370597942e-01 2.357453167083951306e-01
-1.280054279616726631e-01 7.802011429855059133e-01 -5.339856741708849386e-01 -5.461340015315796492e-02 -1.986136143616200056e-01 2.175548100839171384e-01
-8.929422234096887068e-02 8.387648113453817222e-01 -4.704462604270303050e-01 7.348465772388117212e-02 -1.457297079682828567e-01 2.013536849679531671e-01
-9.287192737407991283e-02 8.560597564973296825e-01 -4.175207057124404875e-01 7.634843787257881986e-02 -1.893330807849706310e-01 2.062446587619437000e-01
-8.220195032541932623e-02 8.609653419453733303e-01 -4.344481348080488914e-01 1.920477520827422804e-02 -1.725050798315096723e-01 1.819601921710218284e-01
-1.500184551008677813e-01 8.094172895623785724e-01 -4.757545071525912661e-01 1.126849296692108982e-01 -2.281961818018474475e-01 1.767041953297650847e-01
-1.277314230692734309e-01 8.777453370585039938e-01 -4.165647173508598144e-01 2.658654744362431641e-02 -1.455220989054755443e-01 1.335594149295462330e-01
-3.867862740864326521e-02 8.463688256668545629e-01 -4.621970740499267705e-01 7.221392774013059290e-02 -2.189558893898578273e-01 1.240205894302189304e-01
-1.469491814213781944e-01 8.361279424808898408e-01 -4.455279912560687339e-01 6.855074864769053478e-02 -1.935210559149971865e-01 1.965991013890420747e-01
-2.424748478660045115e-01 7.786822756287572478e-01 -4.454134086000225423e-01 7.021828219881329214e-02 -3.149715621554349254e-01 1.798028506217304312e-01
-2.630699592177783083e-02 8.017835714930761082e-01 -5.296184696933653457e-01 9.388147801383255053e-02 -2.177725793422718437e-01 1.404161485783922414e-01
-1.092734549686887879e-01 8.719517061238805100e-01 -3.678380136808577783e-01 7.377851149250172491e-02 -2.533216638816127020e-01 1.511277465205611292e-01
-7.520623540585608113e-02 8.395107199102621598e-01 -4.336737299402563806e-01 1.629532730199783064e-01 -1.824336627240206454e-01 2.041006094765828449e-01
-1.970657584647454164e-01 8.450810828771516681e-01 -3.675561660162477429e-01 1.553984147363747792e-01 -2.128369113501254739e-01 2.060516850008563550e-01
-1.005533356894430935e-01 8.632144663110320471e-01 -4.329272395107379712e-01 5.576699967160260452e-02 -1.781204415048164291e-01 1.499565510021323711e-01
-1.618046661727455537e-01 8.102172386188490893e-01 -4.605709580776178313e-01 -3.956786512349962266e-03 -2.685662097812402394e-01 1.819291170463736562e-01
-2.013797762590618934e-01 8.616363185019746407e-01 -3.939009168596886989e-01 6.626623230006417620e-02 -1.606041078641969044e-01 1.780062219227456222e-01
-4.985970668322697169e-02 8.834360641763810973e-01 -2.996605432004986191e-01 1.181875688719997153e-01 -1.929578880332690483e-01 2.757847730036170897e-01
-7.337382972404547787e-02 8.796753220858051225e-01 -3.914793925877574354e-01 -3.978359644554406264e-03 -1.366214201954447649e-01 2.210209361176006526e-01
-6.786771589052431608e-02 8.124652148372329963e-01 -4.955579062562628367e-01 7.867634721541502674e-02 -2.606251427042671764e-01 1.249046706309293875e-01
-9.818672268186892649e-02 8.903098762992617266e-01 -2.902859832381750049e-01 2.499167723967639365e-02 -2.328253713951034531e-01 2.420939943326000932e-01
-1.994442142223483427e-01 8.084363341132836389e-01 -4.736051227625172610e-01 3.329309201840544019e-02 -2.399177554602591467e-01 1.538893350124417025e-01
-2.119255018448900907e-01 8.160916747613180533e-01 -4.736357866395556337e-01 1.179429791807061478e-01 -1.659499620325998182e-01 1.526471926723385886e-01
-1.142793287576090860e-01 8.558464568460044664e-01 -4.386650639792932793e-01 1.088200509950019018e-01 -1.167250162273392733e-01 1.912420091273503708e-01
-1.538212770906426108e-01 8.932032792911590580e-01 -2.757136561489218485e-01 4.721363466079771948e-02 -2.857000618666467040e-01 1.365842001925131055e-01
-1.226025361083979692e-01 8.455173354372080841e-01 -4.495193403806813093e-01 1.431981993748516202e-01 -1.535794606916272842e-01 1.546254868646792791e-01
-7.922763532715851320e-02 8.968087611475674681e-01 -3.567385577508982997e-01 1.235467258570510513e-01 -1.641790151324655223e-01 1.413367845374205733e-01
-3.562670028244276366e-01 7.553310330737947886e-01 -4.986857808089209532e-01 6.816711159146943144e-02 -1.523208410576954719e-01 1.612853107692157062e-01
-1.424040838985735913e-01 8.501860461560373228e-01 -4.458404251744408353e-01 2.193822268769182737e-02 -1.573582825345692382e-01 1.813509426331227359e-01
-1.140486395146903115e-01 8.300355554008639336e-01 -5.217859147127050790e-01 1.171227713916710433e-01 -1.084215116861427380e-01 1.733135966619985674e-02
-3.137865914695092684e-01 -6.134933310983993297e-03 -5.638645976153093820e-01 2.107954153332212630e-02 4.691225456602261812e-02 -7.621757976107740307e-01
4.155901837477923855e-01 3.338130840073588734e-01 4.296969942950549792e-01 7.108928085175120204e-02 -1.003802831189967021e-01 -7.183900264624353271e-01
-1.113846060098468427e-01 8.619833821477757008e-01 -4.240451072439992419e-01 7.996109690307261209e-02 -1.979458956575094464e-01 1.385189909071748160e-01
-1.920074354139028605e-01 8.035039742804851448e-01 -4.459188159470627855e-01 1.217756141881670973e-01 -2.442447977685276717e-01 2.102048909938031840e-01
-2.326163377044849490e-01 -2.351469051133563137e-01 2.788199314058098510e-01 -4.965945915118275544e-01 -3.709115208894738225e-01 6.547316042868875918e-01
-1.045843747871939705e-01 9.081128321934243131e-01 -3.296871481871995746e-01 1.137684140571221802e-01 -1.459889185780043896e-01 1.464361993891973857e-01
-3.371796120632701843e-01 -9.701309789799851535e-02 -5.685150832634835449e-01 -6.748017822170959690e-01 3.034097657367256784e-01 -7.920881844357166579e-02
-7.113118154594165465e-02 8.624038920065826286e-01 -4.004034854468987992e-01 1.816860564419413016e-01 -1.681508622985092294e-01 1.720244032356902097e-01
-3.708585005134988899e-01 -3.047133860413230866e-01 5.046336027243335520e-01 -1.316315808394454001e-01 -1.892982622264733142e-02 7.051761769731441643e-01
4.612169264596338025e-01 -3.554065476572443316e-01 4.680778862100123394e-01 1.035460585897218927e-01 6.384128941647638777e-01 1.535428780027197349e-01
2.692778485046947723e-01 3.744205929099858610e-01 1.148418658707872214e-01 8.062138760409065519e-01 -7.113239214310360103e-02 3.450643050505671217e-01
-2.053416911043868809e-01 9.344668300663906413e-01 -2.614187144248198980e-01 -3.336253517354875742e-02 -1.224662292401975522e-01 -1.248010781274004957e-02
-1.818729249707209117e-01 8.262510786990306944e-01 -4.701059779209589840e-01 5.759363314637463288e-02 -1.992878580806766442e-01 1.421234909396700552e-01
-1.347790374322054840e-01 8.629778154942476798e-01 -3.924688849580522110e-01 1.380464267090951713e-01 -1.434870857394945354e-01 2.083907763607712738e-01
-1.335053892354468308e-01 8.633476829308442957e-01 -4.035994086294629191e-01 5.696165944819998883e-02 -1.884992677371001846e-01 1.874513328639366150e-01
-1.757583990463601753e-01 8.944144564939753295e-01 -3.723437514286258576e-01 3.685833241325976728e-02 -9.457192061876477929e-02 1.420897994702522427e-01
-5.126029721735974459e-02 8.728354097292887470e-01 -4.094577989980022203e-01 -5.337194163681603654e-02 -2.346156186560965085e-01 9.990989750839290862e-02
-3.270632169250961563e-01 -3.929818128851360060e-01 7.833978259654787724e-02 7.415424838339965685e-01 -3.700368343428247497e-01 -2.136476333538306904e-01
-1.577077519951788631e-01 7.889424943114957678e-01 -4.760550759523894948e-01 9.123725646899930042e-02 -3.028074091433605175e-01 1.614094368060391138e-01
-1.426317287665618549e-01 8.628230987024434473e-01 -4.707219585247967020e-01 -1.064358811999090854e-02 -8.367996560477022894e-02 8.060834600382071891e-02
1.625616658539084658e-01 2.461076493803669163e-01 6.826663568973558860e-01 3.163787501373407918e-02 -6.324699284938112287e-01 -2.143646642695877513e-01
3.456650707118351651e-01 -7.383808621609162966e-03 2.884761602373972153e-02 8.537955183612152554e-01 -2.208605952753552593e-01 3.191907949654683718e-01
4.229995115731993716e-01 -6.887488031183889303e-01 2.670524406858975630e-01 -2.495011163759673634e-01 -8.612408588980444146e-02 4.535541071276042446e-01
2.605381758483246157e-01 7.285147776492351124e-01 5.292730902483796518e-01 -5.800851842873227387e-02 -3.423238740660126123e-01 2.656032088254681872e-02
5.215485239782476912e-01 2.569350765425227889e-01 7.036876361946021730e-01 3.516766491187708291e-03 -4.065016764740499999e-01 -3.923306796932163332e-02
-1.168292896532993203e-01 8.728105331004420986e-01 -4.049787020489483691e-01 7.177211149590848049e-02 -1.843919507013745962e-01 1.462645336461900480e-01
1.764163395094780762e-01 -6.141847638483119987e-01 2.565216950161590681e-01 -2.127765464347515512e-01 6.870434205367587088e-01 9.245783136736931973e-02
6.227910665764644360e-01 -1.197814550206928452e-01 -5.203946004135038272e-01 1.905261212517951885e-01 1.092867203247000207e-01 5.279482551988994299e-01
-1.027613062421655898e-01 2.866127317721305356e-01 3.832282327685826440e-01 -2.347934357734655364e-01 7.406055530403480303e-01 -3.959859023476480222e-01
1.639099932457660225e-01 -7.998426085244239037e-01 -2.258262795319529448e-01 3.235452404914501701e-01 2.564404100855955382e-01 -3.345812317005176784e-01
2.918618457417555545e-01 -3.621368143988141219e-01 7.709808322084321652e-02 3.149428804620028055e-01 7.859156881917536142e-01 -2.467326271925657788e-01
-1.608855654828864890e-01 7.434733182719279743e-01 -6.160783950052729496e-01 3.635601453162704000e-02 -1.373968968908298172e-01 1.470068160897786969e-01
-1.401085252342371967e-01 8.609318429403438611e-01 -4.890459722439499668e-01 -0.000000000000000000e+00 -0.000000000000000000e+00 -0.000000000000000000e+00
-1.014017611680012761e-02 -5.385996755115168844e-01 4.334527878957308844e-01 -3.343517735052475848e-02 7.028630136963591735e-01 1.636823751227914348e-01
-1.672714307458918193e-01 8.015795775384829680e-01 -5.284164421602133288e-01 1.246298359166950198e-01 -1.296464486928041726e-01 1.338869497931491903e-01
1.544635142405586525e-01 1.704752509351759593e-01 2.178976992584568673e-01 -4.460816910802017921e-01 7.315616524861158210e-01 4.067289979085921270e-01
-3.488973972370841281e-01 -3.073028199609742495e-01 6.838008599386722342e-01 -2.117785419481655607e-01 -4.737686959077110349e-01 -2.166680385764586381e-01
-3.222104165621864635e-01 2.025667136651602973e-01 3.427122827511038250e-01 7.142230734029494377e-01 2.739143411429718067e-01 3.905788017293098102e-01
-5.263968918827012233e-01 1.390312302128924593e-01 7.020847715603455441e-01 2.279174679700730621e-01 -3.983740466476145548e-01 -2.312906503502350046e-03
-5.427591095230871465e-01 4.435964741450009186e-01 4.438509353494569099e-01 -4.660726372485623527e-03 -3.473421513814257122e-01 -4.369928739105988780e-01
6.892170717446978456e-02 2.776799510312820130e-01 -5.286624148983045668e-01 -2.810856549768412371e-01 -4.963402739286198323e-02 7.464496044880185588e-01
2.746541497203184856e-01 4.812395663817621849e-01 -3.875708156586856190e-01 2.221179844756019650e-01 5.975260333932017609e-01 -3.693083820192091804e-01
5.105127931424976451e-01 -2.030682170240245277e-01 4.706100337459056537e-01 2.604754068975634884e-01 -4.219750280069377579e-01 -4.803705044549460568e-01
3.198073495824627077e-01 5.531925028839681513e-01 -4.697362254820786620e-01 -4.779423489702867150e-02 4.810467974867213004e-01 3.706195921888617573e-01
-2.992390789244582794e-01 4.050881383517149770e-01 6.062550232200477618e-01 -4.285157724575862082e-01 -4.299213283842783784e-01 -1.017659313671264165e-01
5.724339279326293717e-01 1.700564623373600759e-01 -5.873496738897945185e-02 -3.732153719115559598e-01 2.842716095908603413e-01 6.479585939890597501e-01
-6.978732193407450879e-01 1.176387780355725721e-01 1.114896569761260475e-01 -4.204819598665689440e-01 -2.991800158482749508e-02 -5.558812630630455276e-01
-2.460102186283948111e-01 4.404846759664728939e-01 6.330347162955544116e-01 -4.660847096583061178e-01 2.762174183717290843e-01 2.262482082680813966e-01
9.079657267126804709e-02 -1.876459290779445011e-01 1.142451850800658142e-01 8.088599887998242366e-01 -1.576386159523021635e-01 5.141873303155556352e-01
1.841881540989077082e-01 9.290307281709144771e-01 1.273141451926068646e-01 1.188955010031268328e-01 1.499238788214095897e-01 -2.239518449088821195e-01
-6.577830467068598308e-01 1.518333450471758272e-01 6.981388986299047472e-01 -2.876485255810751207e-02 -2.311721875540261595e-01 -5.101156707499202719e-02
3.320028574418980027e-01 3.210791268681919552e-01 7.449005060309241699e-01 -3.669749883204120877e-01 2.226673949107973172e-01 2.180690767755023851e-01
-3.868245472565939869e-01 -2.414040101896392787e-01 1.125269458855045618e-01 8.356740912638949137e-01 -2.173764170015168029e-01 1.839153785729150670e-01
6.872455584627207292e-01 -6.283576224000098076e-02 4.897218046519627443e-01 4.884295209418222372e-01 -1.410460969630199790e-01 -1.595630439965548264e-01
-2.491681089336545141e-01 3.490394490171727093e-01 5.264083871034455075e-01 -4.025842884722805048e-01 5.568966235646596319e-01 -2.584046591006308180e-01
-3.559762500874558144e-01 -3.996432889703433466e-01 3.357188534139620706e-01 -1.556917113420153431e-01 -2.930795890123603573e-02 -7.587885983470575857e-01
-3.812081904228338813e-01 3.492439826240443385e-02 5.214266481001653686e-01 -3.842488388611666195e-01 -1.189037731137197740e-01 -6.479117032318137959e-01
7.067038044389851725e-01 -2.463498328043029206e-01 -1.857128962716502601e-02 -1.047449226997377095e-02 6.417434333458541529e-01 -1.661091527866606909e-01
3.237437410659529946e-02 -3.037239795994294833e-01 -3.499451148341722329e-01 5.118456431818231289e-01 -6.227382837641670665e-02 -7.199847696835814936e-01
5.217405617136451346e-01 4.428455525989549030e-02 5.239435647208537938e-01 2.382660227975302858e-01 -6.266448380865499157e-01 -4.306221888728296865e-02
-5.998919101294761802e-01 -7.270444504518791540e-01 1.587933704780588040e-01 -2.646127861027428030e-01 8.497262502228690451e-02 9.529142221793837630e-02
-6.438309006776329335e-01 -6.289470569363261876e-02 2.189436777864536832e-01 -4.944404455420805533e-01 5.037692409123398773e-01 1.879757723974943562e-01
-2.815909168629235904e-01 -2.465511328297376181e-01 -5.211138074369233569e-02 7.982586409976381026e-01 -2.937418292617802740e-01 3.656533580485814561e-01
9.150099616247371614e-02 1.066744732925372779e-01 -1.937644369620501739e-01 4.140951341881191072e-01 8.262189257270943221e-01 -2.976423592667946094e-01
9.317931364734899358e-02 -5.163504156200748874e-01 -9.072272146413505600e-02 -7.286270173576957498e-01 -1.011262721603757575e-01 4.187426396519701166e-01
-1.203634806062710977e-01 8.803583226636458869e-01 -4.107450187724831503e-01 -1.171241573504668010e-02 -1.891352620940208729e-01 7.655754539601934694e-02
8.397492363001600735e-01 -1.499683616674538644e-01 8.550324727879900222e-02 -3.070025942409804198e-01 -3.896461233446142369e-01 -1.376416035531398407e-01
3.055774735659622099e-01 4.685474090861672658e-01 5.530407033053611476e-01 -5.260375773493203289e-01 -2.580525893586014044e-02 -3.222580788791897244e-01
4.414006529483712749e-01 5.027367077150298597e-02 1.761965408458054383e-01 7.803054320927318432e-01 -1.935812592004871324e-01 -3.538962126539522135e-01
9.210423986077119485e-02 -1.765654566958936855e-01 5.271697263196024191e-02 5.172050005139705586e-01 2.805883362179590890e-01 -7.818769355338105465e-01
-3.833466765569707446e-01 -2.114777290545276356e-01 3.661973036710781115e-01 -2.556395439375999112e-01 1.895484131777973313e-02 7.800712583070158468e-01
6.035448494822833743e-01 6.723767489686229837e-01 4.223568351484899841e-01 2.613147650721865667e-02 -2.221297068698780200e-02 -6.388705488560336709e-02
-4.095989511770974922e-01 -5.965057421824150330e-01 6.161340933953473042e-01 1.079756294815629597e-01 -9.934015930445259934e-02 -2.743377004375219808e-01
8.128589689615103309e-01 6.447056785488326780e-02 4.465538965401614768e-01 -2.179139369090268286e-01 -1.121067634249947875e-01 2.750255436123686392e-01
4.830345856989653464e-01 -8.070109888047231061e-01 -2.910385455886110306e-01 1.169661588064205976e-01 -1.019084684148036934e-01 8.149232913678558510e-02
-2.411015700048079469e-01 -9.958089677038631238e-02 7.784856169333248532e-01 4.790446652815469886e-01 -4.266130294794643479e-02 -3.075874575850535142e-01
3.932622316244157590e-01 -9.981032393991949581e-02 8.177239794541336648e-01 -9.418628069810668080e-02 1.568158766980592700e-01 3.650314167056922243e-01
3.580281379629226546e-01 -2.373150968711169526e-02 -4.327552002922082641e-01 5.824663573008198592e-01 -3.031197549236090971e-01 -5.028190144401745165e-01
-3.748968049170501859e-01 -7.850749498781561808e-01 -2.062886019344206401e-01 3.338611626413963140e-01 2.045390657185418293e-02 -2.977802599811224527e-01
9.026934429861991349e-01 -1.547772319990315670e-01 2.256207419715677009e-01 -2.695766221869783097e-01 1.723125141964030882e-01 -8.899819918522207385e-02
1.462930121090843805e-01 -5.325422179567957937e-01 3.321552526648623993e-01 -6.483151068101609127e-01 -2.697402578570428644e-01 -3.026511926323686152e-01
8.854303874170919020e-01 1.358762226219741576e-01 3.218711254241508057e-01 -8.919890852903709921e-02 2.401471520177356489e-01 -1.682930773311605011e-01
3.296810873314555690e-01 -3.250424497155133818e-01 6.456423591610133128e-01 2.542061744806422552e-01 -2.063257667287437050e-02 -5.511417678162702227e-01
6.256633423338216204e-02 -3.160777941088241394e-01 -4.207577403091071755e-01 -6.972942496448509830e-01 -3.498024890121347874e-01 -3.325088780093097829e-01
3.119604461283756458e-01 -2.365274865649246439e-01 -4.172363753060217562e-01 -4.921871186064692705e-02 6.076579046092910330e-01 5.486151881244095696e-01
6.176076329414172950e-01 -3.614474013846256661e-01 1.013747684226134899e-01 -5.879383667843907091e-01 3.376037795221912274e-01 1.341339219112647752e-01
-2.339245951982780458e-01 4.158578503583358343e-01 -1.878982242716484563e-01 -6.565165990914645366e-02 1.703479396683844210e-02 -8.558244356863785596e-01
2.460615313857436037e-01 -2.573995081788352790e-01 8.259591825901986262e-01 1.227241062379902520e-01 -1.140810139439175502e-01 4.036272546074429757e-01
3.804191381646910286e-01 -4.935301669338559294e-01 4.213613053927336982e-01 -3.080551506532835937e-01 5.817317289513099787e-01 -2.922539391193210850e-02
1.275807704987461377e-01 -3.967301586774157895e-01 9.072171272916190743e-01 -4.558105978700036087e-02 3.100406228788726848e-02 -1.570118638268393554e-02
4.666227221017923803e-03 -1.386843111889974334e-01 7.132116924907065947e-01 -1.697756871849377402e-01 5.984918829210434943e-01 -2.916464502897352928e-01
