2.974906862466024371e-02
5.018376082513926306e+00
2.096915607481077082e+00
2.069861160712409998e+00
2.111439403336458742e+00
2.048025909887048357e+00
4.074842890955984731e-01
3.653746996212323128e-01
2.610156430395292215e+00
2.405884215822955419e+00
1.550759376187548444e+00
6.244364157771902235e+00
4.511568890030807744e+00
4.767910391149220217e+00
4.323572947369048514e+00
3.733161475940319995e+00
2.392226223565497634e+00
6.766242810448591882e+00
1.250686908321571700e+00
1.208466176579935336e+01
4.028877016337517603e+00
1.170312499311614829e+01
3.660522716705294943e+00
4.684381345999313773e+00
4.797619410683105379e+00
4.548781571567655391e+00
8.568500235065243942e-01
3.008987897082487706e+00
1.283689560936620744e+01
2.955053313634165235e+00
1.705252144032830230e+01
1.522858457817267741e+01
1.330808447425672725e+01
1.095880289571570287e+01
9.175708223967927069e+00
1.239710228075276888e+01
4.661204469650183313e+00
1.165731577883035541e+01
2.018913571906826121e+01
1.191101283670243660e+01
1.269566001217653550e+01
1.988811102192936531e+01
1.724517914304751542e+01
1.333206620712206458e+01
1.609534607298341058e+01
2.206039935033442489e+01
2.890785311436235627e+00
2.168549786434571658e+01
1.334678110113144811e+01
1.601895110013880341e+01
1.108530778179264331e+01
1.902940400609732663e+01
1.992156258759167287e+01
2.295346529674982961e+01
1.347654885663608937e+01
2.266089487518443590e+01
8.125064251590423225e+00
1.926462900353309848e+01
1.681216740449605140e+01
2.050373669485512451e+01
2.388426064882928657e+01
1.729690653716468063e+01
1.306735707539401758e+01
1.889213380659232300e+01
6.809069407009126218e-01
2.416408086770311314e+01
1.624440116887170760e+01
1.747151982209909704e+01
1.763890444080925590e+01
1.772118452064716010e+01
1.791183506734374120e+01
1.145432940730749305e+00
2.250176025188621054e+01
1.469144111780229522e+01
2.181650702019017984e+01
1.668218368738403967e+01
1.117007347633733083e+01
2.403472884371988982e+01
2.177944733416315160e+01
2.127313402961608801e+01
2.348958476495764813e+01
2.585785513743681818e+01
2.218569275198972690e+01
2.682351023784901045e+01
2.583899580993507072e+01
2.507454598964165626e+01
2.561189496863012494e+01
2.692254581047221507e+01
1.698603922417086665e+01
2.669043895240483621e+01
2.596641578015185203e+01
2.641026436174177050e+01
2.656598518637394335e+01
2.699238394070727765e+01
2.605151525937619894e+01
2.727671816866132559e+01
1.835337934686559080e+01
2.650468366593155167e+01
1.790535987126583706e+01
1.775410809436232640e+01
1.783513099116692757e+01
2.713297879572115789e+01
2.786185703174485084e+01
1.702044899647754406e+01
1.784822182384483469e+01
1.921587346793445406e+01
1.801052094575821627e+01
2.745340373849489524e+01
1.857557875236535239e+01
5.675586279491623247e-03
5.362666857947959512e-03
2.710426859401182753e+01
1.825823410848463269e+01
5.737315993568296857e-03
1.960837243971403154e+01
5.796123574826825275e-03
1.995876043831592739e+01
1.249010540495338467e-02
8.164781561355673178e-03
5.571482996310986834e-03
2.893895604570841584e+01
1.823574143891136856e+01
1.892783869956872778e+01
2.629858388668428759e+01
2.921775788407521901e+01
1.763820810010986762e+01
2.825308899916050866e-03
1.983312051159915512e+01
2.826025799824081020e+01
4.560679524181435011e-03
7.288427656975651932e-03
2.970772947484610297e-03
9.293250370396429969e-04
1.049086709294437363e-02
2.930002251353936060e+01
7.800342700433209736e-03
4.096157099757112736e-03
7.486773520696763870e-03
5.761451498556067856e-04
4.688434119654897106e-03
2.066953683298882893e+01
2.095516454015964669e+01
3.162690892141854001e-03
2.057608805206432123e+01
3.979563902752925562e-03
1.066397531122784126e-02
6.461757475932260013e-03
2.290714373975805736e-03
7.307663458218968677e-03
3.604617699718392233e-03
1.304261410194628833e-03
1.358368618803165034e-02
6.054601790710082213e-03
1.027061576801248377e-02
3.661794399222598455e-03
3.339198320803527659e-03
2.407131782268764376e-03
5.946276432183116023e-03
9.254189008914091158e-03
5.968653063412413320e-03
5.399907597753846218e-03
9.319390523103118426e-03
3.455226167428268342e-03
7.045504411677154348e-03
2.463979301368222300e-03
4.132854707649645520e-03
5.399825219517144503e-03
1.961905265930800717e-03
1.403859547248585346e-03
4.387887004669801042e-03
1.023056060648519028e-03
1.188379050425635497e-03
2.354626136822553575e-03
7.066297737437844326e-03
2.401864544468737961e+01
4.997021159428044479e-03
2.545855480742710911e-03
3.407874586581743220e-03
5.163240270914889844e-03
8.347160018951072218e-04
2.881123950992510625e-03
5.123560337140444128e-03
6.349129899310951286e-02
5.329958706087732645e-02
2.030188626585884351e-02
5.200224190408986313e-02
6.746184411712830183e-03
5.635078313237640302e-02
3.179871284358637418e-02
4.736551289519010804e-02
5.288791721843524168e-02
3.755472290897550469e-02
3.843008391251811519e-03
2.049472021469077212e-04
2.685140925339655690e-02
2.290647830793724436e-03
4.236486954887443840e-02
3.351597953614781494e-02
5.706455940187390302e-02
3.864955595232866942e-02
